9 21.304 11.627 10.955 12.320
9 21.355 11.182 11.419 11.492
9 18.365 11.182 12.511 11.265
9 17.055 11.170 11.949 10.740
9 21.352 11.674 10.962 11.781
9 21.357 11.672 11.423 10.799
9 19.748 11.660 10.955 12.325
9 19.320 12.191 11.427 10.629
9 19.325 11.186 11.943 11.247
9 18.372 11.097 11.420 12.272
9 21.350 11.130 11.939 11.271
10 21.351 11.186 11.896 10.821
10 18.031 11.324 11.407 12.330
10 19.360 12.109 10.923 11.180
10 19.366 10.742 12.482 10.669
10 18.421 12.224 10.944 11.288
10 18.052 10.746 12.263 12.318
10 20.907 11.037 12.284 10.672
10 19.790 11.189 10.940 12.321
10 23.269 11.197 11.408 11.733
10 19.797 11.689 11.410 11.207
10 19.797 11.195 11.415 11.281
11 18.464 12.181 11.398 11.220
11 18.284 12.229 11.378 11.225
11 19.605 11.207 11.902 11.782
11 21.409 11.209 11.915 11.273
11 23.331 11.101 11.272 11.276
11 19.830 11.056 11.391 11.685
11 19.684 12.238 11.398 10.800
11 18.450 11.693 11.391 11.746
11 16.925 11.697 11.393 11.735
11 24.751 11.199 10.898 11.559
11 21.450 11.097 12.459 10.823
12 19.432 11.694 11.312 10.751
12 19.860 11.202 12.373 11.216
12 20.661 11.201 11.320 10.767
12 21.460 11.212 11.301 11.224
12 21.457 10.761 11.817 11.664
12 19.129 12.218 10.865 11.168
12 19.839 11.084 10.822 11.707
12 23.382 10.756 11.299 11.158
12 18.805 11.208 11.828 10.745
12 19.878 11.180 12.365 11.153
12 22.772 10.333 11.842 11.540
13 19.893 11.214 12.385 10.352
13 21.469 10.756 12.696 10.741
13 19.422 11.208 11.305 11.697
13 18.473 11.711 11.817 11.159
13 21.435 11.222 11.816 10.356
13 19.860 12.201 11.187 11.193
13 19.893 12.264 10.841 12.220
13 21.484 11.716 11.329 11.685
13 23.325 10.346 11.800 11.571
13 19.893 11.663 11.321 11.131
13 18.525 11.710 11.331 11.162
14 21.526 10.746 12.154 11.169
14 21.001 11.214 11.821 11.188
14 21.512 11.708 11.214 10.250
14 19.930 11.659 11.189 11.156
14 21.155 10.719 12.356 11.024
14 21.518 10.728 12.174 11.727
14 19.564 11.187 12.372 11.199
14 21.488 10.758 11.803 11.237
14 21.009 10.341 11.305 12.213
14 21.533 10.770 11.305 11.672
14 21.013 11.221 11.310 11.228
16 21.547 11.221 10.819 11.703
16 23.388 11.234 10.842 11.231
16 18.538 11.663 11.303 10.710
16 19.491 11.224 11.300 11.714
16 21.538 11.230 11.308 11.692
16 23.421 11.229 11.293 10.780
16 19.907 10.767 11.670 11.678
16 21.551 11.229 11.268 12.262
16 21.479 10.841 11.623 11.674
16 25.311 10.768 11.281 11.210
16 18.141 11.228 12.345 11.222
17 21.446 11.093 10.838 11.566
17 23.483 11.189 10.812 11.621
17 19.888 10.767 11.807 11.198
17 18.566 12.237 10.402 12.271
17 23.351 10.213 11.781 10.700
17 18.548 11.730 11.289 11.189
17 21.239 11.229 11.793 10.733
17 19.439 10.769 12.032 11.725
17 21.055 11.234 11.300 11.208
17 18.159 11.231 12.352 11.225
17 21.566 11.228 10.837 12.268
19 21.618 10.772 11.226 11.678
19 21.594 10.926 12.024 9.190
19 18.545 12.221 10.399 11.430
19 19.933 12.093 11.180 9.705
19 23.459 10.671 11.674 9.065
19 19.842 11.186 11.286 11.120
19 23.529 11.495 10.412 11.359
19 21.608 11.122 11.711 11.128
19 21.051 11.098 10.727 9.811
19 19.925 12.112 10.376 9.618
19 18.175 11.027 12.010 9.130
21 18.496 10.642 12.241 10.159
21 22.832 10.665 11.277 10.071
21 17.335 11.612 11.803 11.040
21 21.178 10.653 11.745 9.347
21 19.458 11.898 11.235 9.532
21 19.817 11.128 11.276 10.096
21 18.555 11.684 10.811 10.979
21 18.533 12.221 10.372 10.394
21 23.492 10.651 10.798 10.043
21 21.094 11.121 11.285 9.586
21 19.908 11.109 11.234 10.771
23 23.504 10.257 11.231 10.375
23 21.616 10.245 11.736 9.415
23 19.473 11.887 11.208 9.552
23 21.281 11.086 10.792 10.634
23 21.554 11.087 11.238 9.676
23 19.951 11.687 11.255 10.000
23 19.932 11.062 12.280 9.485
23 20.427 11.101 11.158 9.183
23 19.935 11.105 10.752 9.503
23 21.480 11.125 10.816 10.739
23 21.590 10.650 12.295 9.619
25 25.469 10.240 11.717 9.035
25 23.507 10.674 11.248 9.573
25 21.563 11.084 10.802 9.955
25 23.494 11.094 11.245 9.565
25 25.115 10.255 12.317 9.323
25 19.903 12.136 10.349 9.583
25 19.919 11.604 11.276 9.975
25 21.083 10.572 11.230 9.621
25 25.772 11.109 10.797 9.469
25 21.569 11.115 11.573 9.757
25 19.919 10.662 12.310 9.720
28 21.593 11.593 11.236 9.154
28 18.596 11.108 11.223 9.446
28 18.218 11.122 11.209 9.610
28 21.585 10.643 11.236 9.179
28 21.624 11.595 11.192 8.353
28 18.239 11.608 11.268 9.607
28 21.618 11.127 10.351 9.874
28 23.529 10.655 11.725 9.548
28 21.590 11.116 11.228 9.164
28 23.500 11.075 11.208 9.510
28 21.256 10.637 12.269 9.480
30 23.494 11.137 11.035 9.297
30 19.775 10.940 11.714 9.221
30 20.033 11.583 11.221 8.851
30 19.986 11.002 11.586 9.245
30 18.602 12.001 10.763 9.077
30 21.662 10.683 10.750 9.949
30 21.654 11.124 11.231 9.929
30 19.940 11.091 12.232 9.218
30 23.479 11.089 10.294 10.229
30 21.642 10.240 11.708 9.138
30 17.383 11.308 12.187 8.831
33 17.652 10.811 7.977 5.612
33 17.691 10.428 8.547 5.727
33 17.447 10.857 7.936 5.022
33 16.583 10.901 8.502 5.054
33 17.589 9.934 8.214 5.155
33 18.815 9.934 8.217 5.057
33 21.808 9.681 8.191 5.111
33 18.916 10.940 7.773 5.729
33 18.788 10.454 7.947 5.071
33 18.616 10.525 7.738 5.060
33 17.557 10.916 8.439 4.997
37 14.267 10.207 5.346 1.797
37 15.049 10.516 5.041 1.836
37 14.241 10.595 5.142 1.840
37 14.848 10.601 5.122 1.835
37 13.531 10.615 5.081 1.865
37 16.028 9.755 5.144 1.861
37 15.999 10.064 5.032 1.897
37 15.987 9.807 5.234 1.780
37 14.275 10.196 5.142 1.852
37 14.278 10.616 5.000 1.843
37 15.991 9.819 5.131 1.829
40 14.926 10.197 5.242 1.846
40 15.942 10.202 5.045 1.850
40 14.196 10.204 5.334 1.789
40 15.939 9.827 5.149 1.855
40 15.066 10.620 5.245 1.830
40 15.019 10.842 5.155 1.829
40 15.961 9.825 5.262 1.834
40 13.492 10.210 5.142 1.797
40 14.239 10.199 5.215 1.825
40 15.960 9.481 5.477 1.838
40 15.963 9.469 5.364 1.832
44 15.069 9.832 5.263 1.835
44 15.033 9.835 5.251 1.835
44 16.971 9.837 5.152 1.840
44 14.234 9.828 5.366 1.823
44 16.875 9.830 5.063 1.789
44 17.020 9.834 5.053 1.856
44 14.996 10.500 4.952 1.853
44 14.196 10.620 5.046 1.823
44 15.063 10.619 5.059 1.836
44 14.181 10.209 5.117 1.813
44 14.203 10.209 5.158 1.856
49 14.228 10.076 5.145 1.799
49 15.911 10.611 5.155 1.823
49 15.028 10.603 5.061 1.802
49 15.948 9.821 5.146 1.817
49 14.250 9.820 5.367 1.804
49 14.245 10.189 5.055 1.861
49 16.020 10.200 5.058 1.861
49 15.949 9.825 5.143 1.839
49 15.950 10.216 5.124 1.818
49 15.912 10.613 5.043 1.830
49 14.238 10.188 5.216 1.843
54 15.025 10.206 5.158 1.854
54 15.060 10.623 5.058 1.818
54 15.054 10.604 5.063 1.806
54 15.044 10.610 5.062 1.793
54 15.041 10.209 5.070 1.832
54 15.938 9.832 5.061 1.836
54 15.044 9.821 5.156 1.856
54 15.955 10.620 4.953 1.860
54 17.005 10.209 5.059 1.827
54 15.927 9.488 5.361 1.783
54 15.960 9.835 5.268 1.792
59 16.999 9.477 5.369 1.798
59 16.990 9.836 5.158 1.811
59 14.292 10.220 5.263 1.813
59 15.986 9.832 5.268 1.790
59 14.258 10.616 5.063 1.840
59 14.267 10.474 5.162 1.832
59 15.062 10.605 5.169 1.795
59 15.915 9.763 5.066 1.804
59 14.188 10.210 5.259 1.836
59 14.856 10.211 5.166 1.802
59 14.999 10.519 4.958 1.865
65 16.735 9.833 5.273 1.829
65 14.801 10.984 5.158 1.853
65 16.005 10.196 4.973 1.890
65 16.032 9.824 5.268 1.836
65 16.002 9.757 5.088 1.824
65 16.001 9.820 5.164 1.805
65 14.229 10.396 5.252 1.781
65 16.956 10.220 4.957 1.803
65 14.257 10.209 5.131 1.804
65 15.959 10.201 5.098 1.820
65 16.006 9.830 5.266 1.817
72 14.770 10.087 5.014 1.835
72 15.088 10.618 5.069 1.859
72 16.025 9.480 5.276 1.826
72 17.043 9.820 5.176 1.820
72 17.041 9.829 5.167 1.814
72 15.060 10.625 4.893 1.846
72 17.017 9.475 5.371 1.802
72 14.238 9.829 5.261 1.826
72 16.024 10.613 5.062 1.813
72 14.250 10.628 5.240 1.784
72 15.059 10.220 5.186 1.831
79 15.995 10.207 5.266 1.831
79 15.046 10.503 4.970 1.816
79 15.946 9.484 5.266 1.807
79 15.108 9.845 5.271 1.817
79 15.075 9.836 5.264 1.798
79 15.085 10.213 5.280 1.781
79 14.858 10.609 5.175 1.825
79 15.978 9.830 5.276 1.818
79 15.998 11.075 5.074 1.857
79 15.919 9.834 5.228 1.828
79 15.075 10.622 5.074 1.837
87 15.978 10.201 5.166 1.810
87 15.979 9.827 5.175 1.841
87 14.300 10.603 5.164 1.808
87 15.976 9.822 5.378 1.798
87 15.992 9.464 5.171 1.842
87 14.288 9.835 5.380 1.801
87 16.040 10.215 5.173 1.832
87 14.321 9.844 5.272 1.814
87 15.989 10.626 5.062 1.846
87 15.065 10.628 5.066 1.839
87 14.260 10.605 5.277 1.804
95 14.269 10.619 5.271 1.801
95 15.842 9.835 5.224 1.809
95 14.247 10.189 5.264 1.808
95 14.255 11.056 5.067 1.824
95 16.020 9.843 5.267 1.807
95 15.097 10.616 5.170 1.803
95 15.988 9.832 5.169 1.823
95 15.070 10.630 5.268 1.796
95 14.273 10.629 5.072 1.843
95 16.023 9.836 5.171 1.815
95 15.985 9.838 5.170 1.841
105 13.657 10.495 5.363 1.812
105 13.533 10.208 5.271 1.844
105 14.592 10.154 5.158 1.810
105 15.090 9.846 5.378 1.801
105 14.286 10.215 5.254 1.837
105 15.952 9.957 5.166 1.831
105 16.002 9.481 5.276 1.836
105 13.561 10.271 5.340 1.817
105 14.253 9.827 5.483 1.787
105 14.265 10.193 5.171 1.825
105 17.018 9.811 5.044 1.840
115 15.071 10.214 5.069 1.812
115 15.061 9.744 5.257 1.816
115 15.060 10.128 5.173 1.827
115 13.543 10.617 5.167 1.817
115 14.272 10.159 5.190 1.792
115 14.249 10.600 4.931 1.803
115 14.227 10.195 5.206 1.792
115 14.278 10.158 4.285 1.788
115 14.272 9.822 5.250 1.807
115 15.056 10.211 5.154 1.774
115 15.034 10.610 5.065 1.797
127 15.082 9.820 4.994 1.834
127 15.942 10.208 5.042 1.788
127 14.311 10.619 5.066 1.811
127 14.225 11.072 4.882 1.831
127 15.098 10.214 5.160 1.831
127 15.998 9.832 5.149 1.818
127 15.970 10.221 5.134 1.806
127 17.029 9.831 5.043 1.790
127 15.074 10.222 5.155 1.805
127 15.988 10.210 5.375 1.795
127 15.059 10.595 5.260 1.788
140 15.458 10.207 4.410 1.784
140 15.953 9.491 5.214 1.797
140 13.818 10.200 4.528 1.795
140 14.827 11.064 4.643 1.781
140 14.976 9.812 4.385 1.794
140 16.011 10.605 5.059 1.792
140 14.267 10.610 5.230 1.778
140 15.042 10.211 5.000 1.818
140 15.936 9.823 5.168 1.802
140 14.943 9.817 4.975 1.788
140 15.053 10.132 5.157 1.800
154 15.520 9.733 4.722 1.821
154 14.244 9.829 5.304 1.803
154 15.995 10.139 4.969 1.833
154 14.388 10.144 4.203 1.753
154 14.227 11.058 4.966 1.800
154 14.272 10.212 5.153 1.804
154 17.005 9.870 5.056 1.807
154 15.954 9.816 5.256 1.785
154 14.240 10.135 5.060 1.831
154 16.001 9.813 5.060 1.819
154 14.239 10.205 5.151 1.804
169 13.210 9.812 4.663 1.777
169 15.529 9.784 4.638 1.800
169 13.542 10.203 5.363 1.783
169 14.759 9.771 4.763 1.800
169 13.794 10.562 4.371 1.781
169 13.195 10.591 4.525 1.780
169 15.953 10.209 5.125 1.793
169 15.989 9.477 5.233 1.778
169 15.072 9.828 5.121 1.798
169 15.092 9.831 5.211 1.774
169 14.268 10.621 5.123 1.788
186 13.930 10.504 4.588 1.786
186 14.721 9.879 4.638 1.779
186 13.466 10.604 5.150 1.773
186 15.566 9.806 4.569 1.794
186 14.944 10.031 4.384 1.779
186 14.743 10.181 4.696 1.798
186 13.740 10.169 4.380 1.766
186 15.949 10.204 5.040 1.792
186 16.012 9.832 5.254 1.814
186 13.932 10.500 4.652 1.770
186 14.705 10.196 4.701 1.796
204 16.928 10.210 5.038 1.798
204 13.716 10.583 4.489 1.797
204 14.635 10.194 4.765 1.781
204 15.087 10.205 5.332 1.788
204 13.245 11.048 4.717 1.783
204 13.412 11.054 4.609 1.798
204 13.749 9.428 4.056 1.745
204 13.569 10.129 4.226 1.757
204 12.687 10.535 4.111 1.746
204 12.409 11.274 4.397 1.762
204 14.054 10.602 4.660 1.789
225 13.581 10.519 3.707 1.784
225 14.240 10.615 5.073 1.785
225 13.476 9.764 4.050 1.766
225 12.403 10.556 4.148 1.785
225 12.927 10.537 3.773 1.743
225 13.277 10.510 3.960 1.749
225 12.849 9.946 4.175 1.762
225 13.614 9.750 4.351 1.763
225 13.631 10.556 4.345 1.768
225 13.281 10.175 4.825 1.772
225 13.795 10.562 3.919 1.769
247 12.766 10.275 4.076 1.785
247 13.088 10.080 3.665 1.754
247 13.340 10.120 3.955 1.757
247 14.213 9.740 3.754 1.754
247 12.990 9.706 3.694 1.728
247 13.484 9.724 3.719 1.741
247 13.256 9.590 3.645 1.721
247 13.109 9.703 3.010 1.728
247 13.324 10.021 3.731 1.752
247 13.481 10.506 3.475 1.747
247 13.323 9.393 3.645 1.732
272 12.403 10.431 3.041 1.623
272 13.826 9.693 3.335 1.650
272 12.406 10.441 3.156 1.679
272 13.815 9.680 2.982 1.698
272 11.867 10.405 2.933 1.603
272 12.995 9.677 3.243 1.670
272 12.358 9.692 3.052 1.681
272 13.720 9.356 3.222 1.727
272 13.314 9.635 3.364 1.677
272 13.754 9.634 3.468 1.707
272 12.305 10.037 2.851 1.654
299 13.400 9.299 2.544 1.623
299 12.927 9.530 2.592 1.585
299 12.890 10.037 2.547 1.668
299 12.309 10.477 3.469 1.699
299 11.521 9.319 2.690 1.680
299 12.381 9.691 3.154 1.663
299 12.151 10.388 2.727 1.692
299 12.084 10.025 2.672 1.672
299 14.354 9.012 2.782 1.657
299 14.015 9.648 2.698 1.590
299 12.304 9.657 2.638 1.657
329 11.984 9.268 2.498 1.531
329 11.544 9.938 2.424 1.458
329 11.444 10.369 2.459 1.551
329 11.448 9.981 2.328 1.578
329 11.988 9.617 2.415 1.583
329 12.049 9.460 2.451 1.449
329 13.181 8.945 2.437 1.523
329 13.233 9.289 2.498 1.600
329 11.356 10.259 2.615 1.582
329 12.615 9.286 2.619 1.582
329 13.271 9.609 2.431 1.541
362 12.479 8.924 2.433 1.451
362 12.577 9.505 2.242 1.423
362 12.004 8.936 2.360 1.475
362 11.317 9.950 2.078 1.464
362 11.893 9.251 2.274 1.493
362 10.969 9.930 2.275 1.474
362 12.477 9.588 2.194 1.476
362 11.338 9.174 2.210 1.471
362 11.411 9.912 2.191 1.467
362 11.369 9.430 2.183 1.454
362 12.381 9.210 2.184 1.447
398 12.407 9.526 2.151 1.422
398 11.328 9.521 2.212 1.407
398 11.657 9.496 2.148 1.432
398 11.917 9.878 2.285 1.432
398 12.415 9.183 2.234 1.404
398 11.275 9.866 2.117 1.407
398 10.794 9.857 2.080 1.396
398 11.236 9.495 2.116 1.369
398 10.765 9.834 2.014 1.367
398 10.786 9.824 2.056 1.379
398 11.752 9.448 2.145 1.351
438 11.221 9.404 2.013 1.292
438 11.206 9.396 2.040 1.293
438 11.207 8.763 2.033 1.267
438 11.278 9.412 2.128 1.311
438 11.232 9.418 2.049 1.303
438 11.737 8.747 2.074 1.312
438 11.231 9.107 2.054 1.312
438 12.147 9.114 1.975 1.293
438 10.861 9.772 2.160 1.307
438 12.060 9.442 2.103 1.326
438 11.222 8.821 2.034 1.290
482 11.669 9.066 2.046 1.274
482 11.747 8.599 2.067 1.288
482 10.703 9.425 2.057 1.303
482 11.536 9.394 1.955 1.293
482 10.726 9.771 2.005 1.301
482 10.728 9.102 2.019 1.289
482 10.707 9.089 1.984 1.286
482 10.763 9.061 2.061 1.288
482 12.164 9.092 2.038 1.283
482 10.328 9.426 2.025 1.315
482 10.287 9.409 2.017 1.282
530 10.695 9.053 1.985 1.255
530 10.684 9.357 1.999 1.239
530 11.043 9.045 1.970 1.241
530 11.631 9.055 1.953 1.259
530 11.139 9.385 1.970 1.245
530 11.629 9.337 1.968 1.247
530 10.261 9.745 1.971 1.254
530 11.131 9.015 1.984 1.247
530 11.133 8.718 1.997 1.228
530 10.688 9.351 1.967 1.248
530 10.677 9.359 1.985 1.249
583 11.495 9.341 1.957 1.231
583 11.135 8.714 2.000 1.226
583 12.151 9.017 1.955 1.239
583 11.862 8.714 1.980 1.232
583 10.480 9.676 1.985 1.232
583 11.930 8.797 1.977 1.243
583 11.629 9.368 1.970 1.243
583 10.266 9.273 1.985 1.238
583 12.175 8.682 1.982 1.251
583 12.163 9.029 1.996 1.253
583 12.164 8.733 1.982 1.239
641 10.267 9.677 1.966 1.234
641 11.127 9.016 1.970 1.234
641 11.618 9.154 1.990 1.224
641 10.683 9.020 1.959 1.241
641 10.689 10.030 1.970 1.229
641 11.626 9.013 1.968 1.236
641 11.131 9.327 1.989 1.228
641 11.488 9.013 1.969 1.226
641 11.134 9.032 1.987 1.231
641 10.689 9.329 1.980 1.233
641 11.123 9.020 1.995 1.233
706 11.629 8.700 1.979 1.228
706 11.127 8.718 2.011 1.215
706 10.683 9.663 1.972 1.216
706 11.150 9.343 1.949 1.233
706 11.116 9.004 1.983 1.227
706 12.164 8.646 1.971 1.234
706 10.667 9.333 1.984 1.222
706 11.144 8.718 1.966 1.239
706 11.795 8.437 1.999 1.233
706 10.673 9.012 1.983 1.233
706 10.689 9.335 1.981 1.231
776 11.136 8.706 1.981 1.226
776 11.125 8.708 1.970 1.224
776 10.618 9.011 2.000 1.222
776 12.164 8.724 1.966 1.232
776 11.115 9.007 1.980 1.234
776 11.099 8.713 2.001 1.219
776 11.132 9.019 1.967 1.226
776 11.628 9.327 1.970 1.218
776 10.708 9.663 1.957 1.227
776 10.693 9.016 1.998 1.223
776 11.642 9.330 1.970 1.233
854 10.672 8.990 1.985 1.234
854 11.122 9.329 1.966 1.231
854 12.154 8.439 2.000 1.228
854 10.683 9.669 1.956 1.238
854 12.143 8.438 1.984 1.233
854 11.636 8.646 1.970 1.240
854 10.698 9.008 2.001 1.220
854 11.438 9.318 1.955 1.234
854 10.259 9.318 1.985 1.220
854 11.140 8.731 1.996 1.232
854 10.685 9.204 1.970 1.239
939 11.643 9.015 1.970 1.218
939 10.691 9.674 1.956 1.225
939 11.631 8.810 2.008 1.227
939 11.476 9.253 1.985 1.218
939 11.115 9.013 1.982 1.237
939 10.684 9.006 2.002 1.222
939 10.689 8.702 1.983 1.224
939 10.675 8.999 1.969 1.233
939 10.671 9.308 1.967 1.226
939 12.760 8.436 2.015 1.222
939 11.631 8.993 1.985 1.218
1033 11.130 9.012 1.970 1.228
1033 11.145 9.016 1.984 1.227
1033 12.160 9.012 1.941 1.243
1033 11.137 9.309 1.986 1.222
1033 12.172 8.712 1.985 1.223
1033 11.116 9.321 1.955 1.230
1033 11.133 8.710 1.971 1.238
1033 11.121 9.245 1.956 1.228
1033 10.595 8.991 1.985 1.226
1033 10.968 10.034 1.955 1.232
1033 11.642 9.480 1.966 1.221
1136 11.134 8.941 1.955 1.241
1136 11.132 9.302 1.951 1.226
1136 12.161 8.706 2.000 1.228
1136 10.984 8.874 1.961 1.237
1136 11.636 8.955 1.980 1.216
1136 11.136 9.329 1.956 1.233
1136 11.594 8.712 1.965 1.233
1136 11.631 9.016 1.990 1.234
1136 11.143 9.006 1.986 1.228
1136 11.131 9.227 1.957 1.228
1136 11.293 8.715 1.976 1.238
1250 11.636 9.327 1.955 1.227
1250 11.616 8.998 1.941 1.239
1250 10.685 9.293 1.952 1.237
1250 11.636 8.432 2.010 1.222
1250 11.641 9.314 1.964 1.233
1250 11.124 9.000 1.957 1.233
1250 10.675 9.274 1.958 1.231
1250 11.146 9.318 1.965 1.226
1250 11.636 8.709 2.007 1.227
1250 10.691 10.023 1.956 1.227
1250 12.178 8.439 1.980 1.232
1375 10.687 9.321 1.964 1.225
1375 11.140 9.581 1.953 1.216
1375 11.605 8.676 1.972 1.230
1375 11.125 9.650 1.946 1.237
1375 11.109 8.939 1.998 1.226
1375 11.117 9.021 1.967 1.227
1375 11.625 9.005 1.974 1.237
1375 10.686 9.309 1.967 1.232
1375 11.141 10.012 1.955 1.222
1375 11.113 9.657 1.959 1.233
1375 11.134 9.658 1.941 1.233
1512 11.141 9.665 1.968 1.220
1512 11.107 9.325 1.978 1.230
1512 11.614 8.696 1.979 1.223
1512 11.124 8.982 1.969 1.230
1512 10.673 9.251 1.962 1.242
1512 10.692 9.668 1.965 1.227
1512 11.131 9.005 1.984 1.224
1512 11.128 8.994 1.970 1.231
1512 11.113 9.012 1.985 1.237
1512 12.167 8.718 1.985 1.230
1512 10.683 9.011 1.971 1.231
1664 11.149 8.713 2.000 1.222
1664 11.154 9.634 1.941 1.226
1664 11.136 8.999 1.956 1.230
1664 12.059 8.391 2.000 1.228
1664 11.126 9.012 1.970 1.228
1664 11.038 9.014 1.997 1.226
1664 11.125 9.013 1.967 1.219
1664 11.615 8.421 1.985 1.225
1664 11.149 9.003 1.941 1.236
1664 11.145 9.322 1.985 1.216
1664 11.139 9.003 1.970 1.232
1830 11.112 9.315 1.948 1.232
1830 12.164 8.424 1.983 1.227
1830 10.680 9.324 1.969 1.228
1830 10.659 9.308 1.968 1.226
1830 11.112 9.323 1.968 1.231
1830 10.676 10.024 1.968 1.226
1830 11.129 8.999 1.955 1.239
1830 11.133 9.000 1.984 1.230
1830 11.130 9.654 1.939 1.229
1830 11.084 8.994 1.998 1.218
1830 10.176 9.647 1.955 1.231
2013 11.611 8.993 1.951 1.237
2013 11.057 9.003 1.952 1.241
2013 11.610 8.675 1.997 1.236
2013 10.662 9.554 1.953 1.237
2013 11.110 8.935 1.983 1.221
2013 10.716 9.312 1.982 1.216
2013 11.123 9.250 1.995 1.226
2013 10.658 9.310 1.966 1.225
2013 11.129 8.721 1.956 1.243
2013 11.125 9.308 1.969 1.232
2013 10.648 9.969 1.927 1.237
2214 10.985 8.894 1.971 1.218
2214 11.444 8.602 1.972 1.220
2214 11.451 8.615 1.967 1.219
2214 10.540 9.096 1.960 1.218
2214 10.131 8.905 1.977 1.219
2214 10.801 9.109 1.916 1.230
2214 10.979 8.617 1.961 1.231
2214 11.458 8.608 1.977 1.225
2214 11.980 8.213 1.961 1.224
2214 10.535 8.910 1.970 1.212
2214 10.984 8.885 1.963 1.225
2436 10.426 9.088 1.944 1.219
2436 10.005 9.458 1.921 1.222
2436 10.413 8.786 1.949 1.227
2436 12.259 8.693 1.979 1.218
2436 9.629 9.119 1.947 1.223
2436 11.308 8.498 1.956 1.216
2436 10.820 8.503 1.921 1.223
2436 9.997 8.822 1.971 1.215
2436 9.644 8.806 1.969 1.221
2436 10.409 8.776 1.938 1.223
2436 10.828 8.016 1.953 1.229
2679 10.795 8.234 1.957 1.216
2679 10.753 8.475 1.928 1.224
2679 11.214 9.009 1.991 1.232
2679 10.796 8.498 1.928 1.228
2679 11.209 8.989 1.965 1.234
2679 11.210 9.676 1.977 1.214
2679 11.224 9.665 1.969 1.228
2679 10.785 8.501 1.931 1.229
2679 10.784 9.083 1.915 1.224
2679 11.696 7.989 1.950 1.228
2679 10.815 8.500 1.941 1.235
2947 10.580 8.785 1.935 1.227
2947 11.201 9.658 1.952 1.226
2947 10.328 9.312 1.986 1.219
2947 10.783 7.962 1.954 1.228
2947 11.697 9.003 1.968 1.225
2947 11.212 9.308 1.957 1.230
2947 9.980 8.773 1.953 1.218
2947 11.058 9.011 1.968 1.238
2947 11.197 9.003 1.988 1.221
2947 11.193 9.004 1.973 1.221
2947 9.972 8.997 1.956 1.221
3242 9.985 9.094 1.931 1.229
3242 11.198 8.712 1.993 1.224
3242 10.378 9.021 1.938 1.219
3242 11.185 9.321 1.977 1.227
3242 9.984 8.757 1.973 1.223
3242 10.382 8.779 1.956 1.213
3242 10.374 8.516 1.954 1.218
3242 9.979 9.094 1.924 1.227
3242 10.378 9.060 1.943 1.224
3242 11.697 8.708 1.978 1.222
3242 12.248 8.420 1.974 1.228
3566 9.983 9.035 1.944 1.222
3566 10.733 9.001 1.967 1.211
3566 12.326 8.660 1.961 1.231
3566 11.179 9.237 1.983 1.232
3566 10.381 8.497 1.968 1.212
3566 11.330 8.500 1.953 1.210
3566 10.270 9.634 1.969 1.222
3566 11.263 8.506 1.959 1.221
3566 10.380 9.110 1.954 1.214
3566 11.175 8.714 1.966 1.239
3566 10.369 8.514 1.973 1.218
3923 11.667 9.119 1.968 1.222
3923 11.174 9.012 1.968 1.234
3923 11.182 8.993 1.962 1.236
3923 10.810 8.252 1.956 1.235
3923 11.178 9.656 1.951 1.226
3923 10.562 9.354 1.967 1.230
3923 10.772 8.516 1.956 1.221
3923 11.196 9.326 1.967 1.233
3923 11.679 8.424 1.998 1.220
3923 10.693 9.317 1.985 1.220
3923 11.182 9.318 1.979 1.227
4315 11.067 8.947 1.952 1.230
4315 11.088 8.935 1.969 1.233
4315 10.237 9.596 1.951 1.226
4315 10.782 9.664 1.970 1.217
4315 10.603 9.224 1.946 1.230
4315 11.062 8.945 1.966 1.221
4315 11.564 8.650 1.966 1.222
4315 11.089 8.929 1.953 1.224
4315 11.074 8.947 1.976 1.217
4315 10.644 9.263 1.966 1.223
4315 11.557 9.244 1.963 1.224
4747 10.529 8.570 1.973 1.218
4747 11.143 8.700 1.980 1.219
4747 10.311 9.307 1.997 1.222
4747 10.533 8.867 1.943 1.225
4747 10.822 8.576 1.974 1.225
4747 11.196 8.994 1.976 1.229
4747 11.440 8.863 1.973 1.224
4747 11.687 9.268 1.966 1.220
4747 11.207 8.997 1.980 1.228
4747 10.525 9.493 1.945 1.232
4747 10.513 9.111 1.973 1.219
5221 11.398 9.168 1.925 1.225
5221 11.685 8.988 1.967 1.227
5221 11.158 8.687 1.994 1.226
5221 10.473 8.573 1.973 1.220
5221 11.695 9.305 1.951 1.235
5221 11.194 8.707 1.966 1.235
5221 10.514 9.489 1.929 1.225
5221 10.888 8.574 1.972 1.222
5221 10.960 8.557 1.974 1.209
5221 10.947 8.851 1.957 1.218
5221 10.718 9.314 1.996 1.218
5744 11.189 8.670 1.967 1.225
5744 12.657 8.997 1.949 1.230
5744 10.492 8.863 1.960 1.222
5744 11.687 8.427 1.979 1.231
5744 11.675 8.997 1.982 1.223
5744 11.196 9.211 1.982 1.212
5744 11.170 9.001 2.008 1.216
5744 11.183 9.224 1.951 1.239
5744 11.219 8.852 1.958 1.217
5744 11.191 9.226 1.967 1.226
5744 11.201 8.993 1.967 1.221
6318 11.194 8.877 1.961 1.224
6318 11.602 8.367 1.988 1.220
6318 10.661 9.259 1.979 1.216
6318 11.419 8.932 1.962 1.228
6318 11.696 9.297 1.965 1.225
6318 11.038 9.092 1.960 1.226
6318 11.598 8.475 1.949 1.221
6318 10.596 9.197 1.967 1.213
6318 11.539 8.280 1.971 1.201
6318 11.353 9.233 1.946 1.227
6318 10.258 8.947 1.976 1.228
6950 11.196 9.229 1.961 1.216
6950 11.647 8.629 1.976 1.225
6950 11.164 8.952 1.963 1.222
6950 11.016 8.874 1.965 1.217
6950 10.171 9.556 1.956 1.222
6950 10.586 8.598 1.989 1.223
6950 11.516 8.895 1.965 1.228
6950 10.735 9.620 1.954 1.235
6950 11.181 9.235 1.945 1.228
6950 10.171 9.513 1.974 1.211
6950 10.730 9.289 1.984 1.219
7645 11.583 9.010 1.984 1.226
7645 11.031 9.214 1.936 1.224
7645 11.209 9.003 1.983 1.221
7645 11.223 9.245 1.970 1.238
7645 10.596 9.227 1.950 1.222
7645 11.207 9.012 1.960 1.232
7645 11.526 8.797 1.948 1.224
7645 10.737 9.011 1.982 1.229
7645 11.219 9.310 1.968 1.212
7645 10.846 8.854 1.958 1.224
7645 11.699 9.313 1.939 1.226
8409 11.142 8.844 1.974 1.207
8409 10.661 9.243 1.953 1.220
8409 12.146 8.625 1.970 1.221
8409 10.678 8.955 1.958 1.234
8409 11.634 9.264 1.934 1.234
8409 10.673 9.260 1.955 1.230
8409 10.626 8.946 1.977 1.224
8409 11.125 9.256 1.958 1.235
8409 11.127 8.937 1.959 1.222
8409 11.107 8.619 1.986 1.202
8409 10.753 9.284 2.006 1.232
9250 11.183 9.304 1.981 1.220
9250 10.753 9.541 1.967 1.229
9250 11.210 9.319 1.963 1.219
9250 11.014 8.633 1.979 1.219
9250 11.051 8.905 1.955 1.203
9250 10.596 8.923 1.955 1.219
9250 12.231 8.689 1.966 1.223
9250 11.520 8.892 1.939 1.231
9250 11.716 8.963 1.952 1.225
9250 11.555 8.634 1.934 1.226
9250 10.755 9.303 1.981 1.222
10175 11.695 8.680 1.996 1.212
10175 12.265 8.927 1.955 1.224
10175 11.681 9.302 1.967 1.225
10175 12.256 8.991 1.981 1.222
10175 10.723 8.705 1.985 1.220
10175 10.750 9.304 1.998 1.205
10175 10.740 9.006 1.970 1.231
10175 11.697 8.671 1.999 1.206
10175 10.766 9.658 1.968 1.223
10175 11.219 9.306 1.967 1.200
10175 11.636 8.953 1.948 1.221
11193 10.185 9.174 1.957 1.213
11193 11.085 8.915 1.974 1.225
11193 10.620 8.816 1.975 1.211
11193 10.613 9.229 1.939 1.219
11193 10.633 9.208 1.944 1.229
11193 11.082 8.913 1.958 1.224
11193 11.195 9.636 1.962 1.220
11193 11.483 9.302 1.963 1.231
11193 10.631 9.230 1.958 1.213
11193 10.726 8.968 1.974 1.227
11193 10.267 9.150 1.964 1.232
12312 11.692 8.695 1.966 1.208
12312 11.783 8.573 1.986 1.168
12312 10.962 8.980 1.965 1.217
12312 10.618 10.014 1.950 1.223
12312 11.405 8.929 1.978 1.220
12312 10.725 8.949 1.962 1.145
12312 10.088 9.071 1.938 1.186
12312 11.110 8.547 1.950 1.190
12312 12.010 8.970 1.948 1.161
12312 10.729 8.945 2.003 1.182
12312 11.107 9.203 1.934 1.185
13543 11.585 8.419 1.945 1.142
13543 11.093 8.813 1.975 1.190
13543 10.683 8.436 1.945 1.168
13543 10.675 8.646 1.948 1.151
13543 11.039 8.712 1.956 1.216
13543 11.100 9.238 1.942 1.216
13543 10.613 8.906 1.961 1.223
13543 11.201 8.938 1.980 1.179
13543 10.972 8.675 1.892 1.190
13543 10.623 8.926 1.962 1.207
13543 10.603 8.647 1.994 1.189
14897 11.137 9.093 1.942 1.176
14897 11.023 8.646 1.935 1.201
14897 10.594 8.500 1.958 1.205
14897 11.121 9.239 1.928 1.212
14897 11.071 9.200 1.959 1.224
14897 10.973 8.632 1.972 1.177
14897 11.048 8.873 1.967 1.206
14897 11.191 9.286 1.987 1.221
14897 11.153 9.229 1.979 1.206
14897 11.083 8.638 1.988 1.208
14897 11.488 8.386 1.974 1.214
16387 10.531 8.869 1.957 1.181
16387 11.082 8.396 1.966 1.167
16387 11.759 8.800 1.923 1.217
16387 11.616 8.513 1.966 1.106
16387 10.049 9.449 1.953 0.980
16387 10.230 7.198 1.854 1.090
16387 9.792 8.573 1.933 1.171
16387 10.367 8.327 1.942 1.107
16387 11.272 8.631 1.935 1.202
16387 10.151 8.686 1.958 1.195
16387 11.599 8.431 1.959 1.208
18026 11.629 8.055 1.971 1.146
18026 11.635 7.971 1.890 1.134
18026 12.182 8.561 1.946 1.189
18026 10.738 8.172 1.946 1.147
18026 11.454 8.377 1.912 1.123
18026 11.087 8.489 1.905 0.927
18026 9.804 7.292 1.839 1.031
18026 9.519 7.950 1.890 1.033
18026 9.923 9.046 1.925 1.155
18026 11.318 7.800 1.931 1.160
18026 10.937 8.676 1.912 1.029
19829 11.446 8.242 1.913 1.107
19829 9.855 8.385 1.924 1.099
19829 10.685 7.979 1.906 1.110
19829 10.526 8.938 1.928 1.123
19829 10.546 8.846 1.887 1.118
19829 10.810 8.108 1.856 1.081
19829 10.637 8.071 1.881 1.030
19829 9.949 8.093 1.780 1.050
19829 10.968 8.044 1.929 1.054
19829 10.488 8.891 1.931 1.085
19829 10.788 7.786 1.883 1.060
21811 9.410 7.250 1.738 0.917
21811 10.544 6.669 1.868 0.975
21811 9.851 7.242 1.859 0.972
21811 9.123 7.335 1.775 0.904
21811 8.762 5.699 1.732 0.762
21811 9.476 6.241 1.799 0.824
21811 9.291 6.354 1.698 0.955
21811 10.322 7.395 1.840 0.956
21811 9.711 7.472 1.859 0.972
21811 10.757 7.332 1.839 0.971
21811 9.921 7.978 1.819 0.991
23993 8.801 5.823 1.538 0.758
23993 8.468 6.189 1.592 0.755
23993 9.297 6.240 1.544 0.755
23993 8.535 6.060 1.511 0.760
23993 9.217 6.397 1.549 0.774
23993 9.083 5.912 1.535 0.721
23993 8.007 5.752 1.228 0.678
23993 7.491 5.140 1.302 0.761
23993 8.982 6.447 1.563 0.776
23993 8.549 6.376 1.546 0.710
23993 8.644 5.710 1.445 0.696
26392 7.725 4.975 1.226 0.655
26392 8.890 5.151 1.221 0.637
26392 7.658 5.080 1.249 0.651
26392 8.647 5.286 1.298 0.649
26392 6.987 5.020 1.286 0.656
26392 8.168 5.068 1.303 0.650
26392 7.904 5.103 1.238 0.600
26392 7.364 4.730 1.171 0.649
26392 8.525 5.381 1.055 0.591
26392 7.534 4.519 1.104 0.613
26392 7.527 4.489 1.161 0.652
29031 7.893 4.854 1.056 0.583
29031 7.666 4.726 1.067 0.586
29031 7.754 4.763 1.041 0.591
29031 7.411 4.835 1.076 0.584
29031 8.312 4.581 1.048 0.570
29031 7.257 4.427 0.996 0.573
29031 7.831 4.863 1.093 0.585
29031 7.912 4.853 1.069 0.584
29031 8.146 4.780 1.079 0.579
29031 7.732 4.650 1.103 0.579
29031 7.355 4.819 1.062 0.583
31934 7.587 4.528 0.939 0.560
31934 7.828 4.465 0.926 0.563
31934 7.470 4.510 0.931 0.564
31934 7.305 4.596 0.858 0.551
31934 7.583 4.587 0.939 0.550
31934 7.492 4.498 0.912 0.557
31934 7.226 4.539 0.900 0.564
31934 7.185 4.693 0.941 0.559
31934 7.591 4.693 0.945 0.567
31934 7.624 4.408 0.939 0.561
31934 7.605 4.532 0.935 0.564
35127 6.844 4.535 0.864 0.545
35127 6.913 4.403 0.844 0.543
35127 6.874 4.515 0.871 0.548
35127 6.846 4.521 0.874 0.542
35127 6.867 4.425 0.833 0.544
35127 7.055 4.531 0.851 0.542
35127 7.481 4.424 0.876 0.538
35127 6.927 4.402 0.831 0.532
35127 6.738 4.228 0.781 0.529
35127 7.047 4.320 0.828 0.527
35127 7.304 4.373 0.874 0.544
38640 7.215 4.248 0.852 0.535
38640 7.059 4.307 0.834 0.533
38640 6.707 4.456 0.819 0.535
38640 7.473 4.254 0.840 0.538
38640 6.903 4.223 0.826 0.537
38640 7.475 4.260 0.801 0.533
38640 6.591 4.285 0.766 0.528
38640 6.202 4.355 0.798 0.530
38640 7.008 4.216 0.804 0.533
38640 6.848 4.292 0.792 0.533
38640 6.993 4.474 0.838 0.537
42504 6.699 4.577 0.828 0.540
42504 7.118 4.343 0.836 0.537
42504 7.322 4.354 0.833 0.538
42504 7.323 4.287 0.838 0.534
42504 6.538 4.216 0.774 0.533
42504 6.963 4.504 0.818 0.538
42504 7.118 4.350 0.841 0.538
42504 7.161 4.357 0.824 0.537
42504 7.134 4.340 0.827 0.540
42504 7.136 4.356 0.831 0.539
42504 6.812 4.426 0.832 0.538
46755 7.353 4.307 0.820 0.540
46755 7.089 4.284 0.806 0.539
46755 7.097 4.288 0.810 0.535
46755 6.953 4.374 0.833 0.537
46755 7.063 4.191 0.797 0.529
46755 6.689 4.283 0.813 0.542
46755 6.958 4.365 0.832 0.539
46755 6.585 4.407 0.833 0.539
46755 7.118 4.319 0.831 0.538
46755 6.605 4.449 0.787 0.534
46755 6.496 4.359 0.797 0.536
51430 6.629 4.340 0.823 0.541
51430 6.735 4.476 0.804 0.538
51430 6.785 4.513 0.797 0.535
51430 7.330 4.282 0.823 0.539
51430 6.581 4.519 0.824 0.539
51430 6.741 4.442 0.816 0.538
51430 7.104 4.269 0.819 0.534
51430 6.876 4.277 0.809 0.532
51430 7.074 4.204 0.825 0.537
51430 7.020 4.281 0.796 0.532
51430 6.905 4.446 0.809 0.538
56573 6.723 4.420 0.826 0.539
56573 7.040 4.418 0.824 0.539
56573 7.233 4.271 0.819 0.542
56573 7.255 4.280 0.801 0.532
56573 7.086 4.326 0.787 0.533
56573 6.534 4.266 0.784 0.536
56573 7.105 4.306 0.820 0.542
56573 7.086 4.421 0.791 0.543
56573 7.062 4.358 0.824 0.540
56573 7.072 4.279 0.821 0.542
56573 7.063 4.276 0.823 0.537
62230 6.628 4.456 0.811 0.534
62230 6.356 4.209 0.829 0.537
62230 6.834 4.457 0.821 0.538
62230 7.220 4.222 0.820 0.537
62230 7.026 4.213 0.822 0.538
62230 6.825 4.370 0.817 0.539
62230 6.957 4.352 0.813 0.536
62230 7.007 4.250 0.827 0.538
62230 6.796 4.459 0.818 0.537
62230 6.779 4.434 0.769 0.535
62230 6.854 4.363 0.782 0.541
68454 7.105 4.365 0.821 0.536
68454 6.995 4.301 0.811 0.538
68454 6.924 4.446 0.813 0.540
68454 6.753 4.446 0.819 0.542
68454 7.096 4.366 0.818 0.542
68454 6.901 4.438 0.825 0.537
68454 6.737 4.412 0.812 0.538
68454 7.119 4.297 0.825 0.543
68454 6.576 4.521 0.823 0.540
68454 7.114 4.443 0.822 0.540
68454 6.741 4.511 0.809 0.535
75299 7.143 4.324 0.827 0.537
75299 6.718 4.319 0.819 0.536
75299 7.178 4.419 0.818 0.536
75299 7.169 4.403 0.810 0.532
75299 6.680 4.400 0.822 0.536
75299 6.929 4.325 0.814 0.537
75299 6.914 4.398 0.807 0.538
75299 6.562 4.384 0.828 0.535
75299 6.971 4.399 0.802 0.534
75299 6.899 4.408 0.818 0.534
75299 7.370 4.405 0.815 0.535
82829 7.110 4.275 0.814 0.537
82829 7.006 4.359 0.790 0.536
82829 7.007 4.365 0.810 0.535
82829 6.759 4.192 0.796 0.537
82829 6.806 4.397 0.822 0.538
82829 6.468 4.418 0.798 0.530
82829 6.704 4.286 0.784 0.530
82829 6.875 4.334 0.777 0.528
82829 6.457 4.338 0.782 0.530
82829 6.906 4.415 0.753 0.526
82829 6.965 4.348 0.798 0.537
91112 6.814 4.362 0.824 0.536
91112 7.128 4.302 0.817 0.538
91112 7.037 4.381 0.818 0.534
91112 7.247 4.457 0.822 0.536
91112 7.050 4.335 0.827 0.535
91112 7.001 4.500 0.815 0.537
91112 6.655 4.311 0.818 0.537
91112 6.490 4.370 0.822 0.538
91112 7.029 4.436 0.798 0.536
91112 6.720 4.353 0.794 0.537
91112 6.889 4.291 0.821 0.535
100223 6.872 4.565 0.807 0.539
100223 7.021 4.256 0.824 0.537
100223 7.043 4.305 0.827 0.535
100223 7.230 4.391 0.819 0.537
100223 7.247 4.301 0.779 0.536
100223 6.540 4.373 0.806 0.533
100223 6.715 4.365 0.805 0.540
100223 7.021 4.240 0.800 0.536
100223 6.852 4.292 0.820 0.539
100223 6.843 4.383 0.825 0.538
100223 7.031 4.280 0.832 0.535
110245 6.984 4.209 0.820 0.538
110245 6.490 4.515 0.809 0.535
110245 6.952 4.349 0.824 0.536
110245 6.989 4.280 0.810 0.536
110245 6.786 4.508 0.818 0.535
110245 6.622 4.363 0.816 0.538
110245 6.901 4.289 0.814 0.536
110245 6.564 4.303 0.756 0.529
110245 6.899 4.336 0.805 0.538
110245 6.978 4.362 0.797 0.534
110245 6.450 4.345 0.789 0.532
121270 6.674 4.442 0.766 0.532
121270 6.736 4.376 0.824 0.536
121270 6.643 4.292 0.801 0.535
121270 6.881 4.383 0.811 0.537
121270 7.340 4.220 0.827 0.534
121270 6.913 4.440 0.824 0.534
121270 7.087 4.230 0.828 0.535
121270 6.999 4.371 0.780 0.533
121270 6.850 4.464 0.796 0.534
121270 7.058 4.387 0.820 0.536
121270 6.495 4.417 0.805 0.530
133397 7.066 4.211 0.819 0.536
133397 7.426 4.304 0.822 0.536
133397 6.963 4.298 0.828 0.537
133397 6.785 4.334 0.824 0.536
133397 7.205 4.476 0.812 0.531
133397 6.521 4.343 0.812 0.539
133397 6.978 4.465 0.822 0.537
133397 6.986 4.225 0.830 0.534
133397 7.207 4.383 0.815 0.536
133397 7.201 4.255 0.823 0.534
133397 6.544 4.216 0.823 0.533
146736 6.294 4.344 0.824 0.535
146736 7.122 4.422 0.820 0.535
146736 7.312 4.193 0.814 0.534
146736 6.943 4.366 0.821 0.536
146736 6.884 4.344 0.815 0.536
146736 6.585 4.519 0.822 0.535
146736 6.767 4.511 0.813 0.536
146736 7.105 4.413 0.824 0.535
146736 6.918 4.431 0.818 0.537
146736 6.846 4.357 0.823 0.537
146736 7.336 4.150 0.790 0.533
161410 6.740 4.431 0.824 0.531
161410 6.860 4.381 0.823 0.535
161410 6.648 4.375 0.791 0.533
161410 6.635 4.447 0.774 0.537
161410 7.146 4.304 0.823 0.539
161410 7.325 4.235 0.829 0.535
161410 7.325 4.229 0.823 0.538
161410 6.732 4.384 0.829 0.533
161410 6.518 4.350 0.801 0.536
161410 6.585 4.452 0.811 0.533
161410 7.094 4.456 0.819 0.535
177551 7.034 4.443 0.822 0.535
177551 7.018 4.357 0.821 0.537
177551 7.215 4.356 0.813 0.534
177551 6.618 4.444 0.821 0.536
177551 7.257 4.255 0.824 0.538
177551 7.023 4.357 0.827 0.528
177551 6.446 4.267 0.764 0.535
177551 6.869 4.252 0.768 0.531
177551 6.797 4.162 0.749 0.532
177551 6.640 4.356 0.775 0.531
177551 7.041 4.122 0.778 0.526
195306 5.996 4.350 0.754 0.529
195306 7.123 4.249 0.807 0.536
195306 6.902 4.330 0.816 0.536
195306 6.933 4.327 0.814 0.536
195306 7.145 4.175 0.829 0.535
195306 7.132 4.245 0.824 0.536
195306 6.906 4.395 0.817 0.535
195306 7.143 4.318 0.816 0.538
195306 7.338 4.237 0.818 0.536
195306 7.119 4.248 0.823 0.536
195306 6.570 4.404 0.823 0.536
214837 6.690 4.465 0.820 0.535
214837 7.116 4.185 0.783 0.534
214837 6.830 4.281 0.811 0.534
214837 6.768 4.356 0.811 0.536
214837 6.852 4.283 0.814 0.532
214837 6.693 4.441 0.791 0.537
214837 6.883 4.445 0.805 0.535
214837 7.301 4.278 0.814 0.537
214837 6.600 4.363 0.827 0.535
214837 7.393 4.159 0.824 0.535
214837 6.879 4.355 0.824 0.533
236320 6.824 4.406 0.822 0.538
236320 6.777 4.460 0.815 0.537
236320 7.019 4.246 0.823 0.534
236320 6.613 4.322 0.814 0.537
236320 6.597 4.429 0.815 0.535
236320 6.978 4.247 0.819 0.536
236320 6.810 4.384 0.825 0.534
236320 7.017 4.333 0.823 0.534
236320 7.214 4.189 0.785 0.532
236320 6.575 4.488 0.802 0.532
236320 6.570 4.398 0.793 0.536
259952 6.890 4.219 0.802 0.536
259952 6.943 4.394 0.814 0.536
259952 6.801 4.461 0.818 0.535
259952 6.624 4.309 0.795 0.532
259952 6.755 4.459 0.825 0.537
259952 7.168 4.377 0.793 0.537
259952 6.811 4.461 0.824 0.535
259952 6.795 4.385 0.820 0.534
259952 6.627 4.460 0.823 0.532
259952 7.154 4.342 0.824 0.536
259952 7.086 4.316 0.828 0.535
285947 7.117 4.176 0.824 0.537
285947 6.678 4.549 0.823 0.534
285947 6.156 4.416 0.789 0.532
285947 6.662 4.335 0.826 0.533
285947 6.641 4.318 0.826 0.532
285947 6.588 4.420 0.808 0.534
285947 6.904 4.335 0.821 0.533
285947 6.834 4.271 0.793 0.532
285947 7.111 4.277 0.829 0.533
285947 6.878 4.270 0.829 0.533
285947 6.571 4.354 0.825 0.532
314542 6.619 4.487 0.810 0.533
314542 7.254 4.320 0.823 0.535
314542 6.818 4.248 0.824 0.533
314542 6.832 4.322 0.823 0.531
314542 7.018 4.324 0.824 0.533
314542 7.025 4.282 0.826 0.535
314542 6.990 4.322 0.829 0.533
314542 7.330 4.294 0.825 0.530
314542 6.929 4.237 0.808 0.533
314542 6.981 4.309 0.771 0.531
314542 6.887 4.308 0.802 0.534
345996 6.581 4.452 0.811 0.533
345996 7.135 4.351 0.817 0.536
345996 6.434 4.427 0.822 0.537
345996 7.147 4.380 0.821 0.533
345996 6.964 4.302 0.825 0.536
345996 7.164 4.306 0.820 0.534
345996 7.116 4.362 0.802 0.536
345996 6.959 4.308 0.822 0.535
345996 6.970 4.245 0.825 0.537
345996 6.793 4.309 0.821 0.535
345996 6.539 4.446 0.807 0.533
380596 7.204 4.276 0.823 0.536
380596 6.934 4.524 0.826 0.532
380596 6.953 4.378 0.820 0.536
380596 6.688 4.383 0.794 0.527
380596 6.510 4.265 0.799 0.534
380596 6.658 4.478 0.810 0.536
380596 6.951 4.385 0.816 0.536
380596 6.902 4.479 0.805 0.531
380596 6.658 4.339 0.811 0.533
380596 7.081 4.372 0.821 0.537
380596 7.797 4.287 0.820 0.534
418656 6.786 4.381 0.795 0.530
418656 6.611 4.190 0.765 0.533
418656 6.165 4.377 0.797 0.528
418656 6.151 4.375 0.759 0.527
418656 6.814 4.403 0.816 0.529
418656 6.452 4.501 0.791 0.535
418656 7.305 4.402 0.822 0.534
418656 7.239 4.339 0.823 0.534
418656 6.821 4.317 0.826 0.535
418656 6.832 4.269 0.828 0.535
418656 7.233 4.139 0.827 0.537
460521 7.157 4.357 0.818 0.532
460521 6.401 4.223 0.782 0.538
460521 6.739 4.268 0.815 0.535
460521 6.935 4.342 0.825 0.534
460521 6.677 4.431 0.822 0.534
460521 6.585 4.405 0.819 0.532
460521 6.870 4.338 0.817 0.530
460521 7.383 4.344 0.824 0.537
460521 6.745 4.434 0.799 0.532
460521 6.686 4.332 0.800 0.526
460521 6.127 4.332 0.777 0.534
506573 6.889 4.413 0.822 0.535
506573 7.028 4.326 0.821 0.537
506573 7.223 4.277 0.784 0.531
506573 6.598 4.457 0.801 0.536
506573 7.276 4.400 0.823 0.534
506573 7.269 4.252 0.824 0.537
506573 6.908 4.384 0.800 0.532
506573 6.934 4.236 0.793 0.533
506573 6.713 4.178 0.801 0.536
506573 6.796 4.324 0.825 0.536
506573 7.342 4.353 0.816 0.535
557231 6.991 4.269 0.798 0.536
557231 6.296 4.537 0.811 0.531
557231 6.905 4.373 0.782 0.538
557231 7.384 4.218 0.829 0.537
557231 6.677 4.403 0.822 0.532
557231 6.959 4.255 0.784 0.535
557231 7.383 4.111 0.824 0.537
557231 6.692 4.403 0.821 0.536
557231 6.260 4.409 0.821 0.537
557231 7.367 4.270 0.820 0.537
557231 7.389 4.270 0.824 0.537
612954 6.285 4.259 0.818 0.532
612954 6.696 4.476 0.817 0.537
612954 7.716 4.090 0.829 0.533
612954 6.710 4.233 0.826 0.536
612954 7.002 4.467 0.821 0.538
612954 7.002 4.342 0.828 0.535
612954 6.973 4.364 0.794 0.532
612954 6.361 4.220 0.825 0.531
612954 6.969 4.605 0.808 0.531
612954 7.281 4.229 0.822 0.531
612954 6.714 4.442 0.816 0.539
674249 7.069 4.225 0.828 0.533
674249 6.784 4.563 0.796 0.534
674249 7.064 4.319 0.821 0.537
674249 6.829 4.325 0.822 0.536
674249 7.317 4.542 0.799 0.529
674249 7.053 4.327 0.824 0.535
674249 7.045 4.438 0.821 0.536
674249 6.383 4.308 0.804 0.534
674249 6.531 4.554 0.817 0.536
674249 7.062 4.442 0.822 0.533
674249 6.777 4.249 0.823 0.533
741674 6.857 4.438 0.830 0.533
741674 6.896 4.434 0.817 0.536
741674 6.861 4.327 0.822 0.536
741674 7.412 4.296 0.822 0.535
741674 6.844 4.236 0.828 0.536
741674 7.127 4.325 0.826 0.535
741674 7.710 4.228 0.804 0.533
741674 6.861 4.310 0.827 0.533
741674 6.443 4.576 0.815 0.533
741674 6.484 4.498 0.790 0.534
741674 7.057 4.297 0.813 0.532
815842 6.892 4.318 0.819 0.535
815842 7.199 4.347 0.825 0.532
815842 7.061 4.165 0.810 0.532
815842 7.432 4.251 0.819 0.534
815842 7.168 4.440 0.813 0.536
815842 6.940 4.444 0.823 0.537
815842 7.188 4.336 0.826 0.534
815842 7.462 4.346 0.822 0.535
815842 6.949 4.260 0.825 0.537
815842 6.504 4.488 0.812 0.536
815842 6.955 4.532 0.821 0.536
897426 6.827 4.301 0.825 0.538
897426 7.070 4.378 0.822 0.533
897426 7.044 4.234 0.765 0.525
897426 6.444 4.282 0.796 0.532
897426 6.768 4.378 0.800 0.533
897426 6.964 4.284 0.804 0.533
897426 6.570 4.448 0.798 0.536
897426 6.787 4.284 0.819 0.533
897426 6.496 4.264 0.814 0.536
897426 7.016 4.345 0.827 0.534
897426 6.760 4.367 0.801 0.530
987168 6.796 4.496 0.823 0.537
987168 6.946 4.437 0.821 0.534
987168 6.787 4.278 0.798 0.535
987168 6.483 4.307 0.772 0.533
987168 6.604 4.175 0.773 0.532
987168 6.884 4.250 0.802 0.534
987168 6.484 4.317 0.794 0.529
987168 6.454 4.403 0.789 0.530
987168 6.620 4.178 0.797 0.531
987168 7.161 4.349 0.821 0.535
987168 6.973 4.348 0.822 0.534
