9 44.152 24.169 25.371 24.712
9 43.279 24.310 25.376 24.697
9 44.228 24.061 25.365 24.705
9 42.406 24.313 25.373 24.726
9 44.080 24.284 25.345 24.681
9 44.153 24.286 25.350 24.529
9 44.174 23.755 25.371 24.674
9 44.190 24.189 25.393 24.717
9 42.382 24.309 25.382 24.726
9 44.247 24.241 25.398 24.681
9 44.245 23.935 25.369 24.727
10 42.494 24.329 25.264 24.620
10 44.344 24.298 25.288 24.668
10 44.395 24.275 25.204 24.664
10 44.405 24.322 25.286 24.678
10 44.434 24.351 25.269 24.492
10 44.345 24.327 25.252 24.629
10 42.506 24.346 25.294 24.678
10 44.383 24.245 25.242 24.622
10 42.477 24.104 25.290 24.355
10 44.398 24.326 25.299 24.717
10 44.410 24.334 25.306 24.718
11 44.453 24.150 25.192 24.363
11 44.448 24.343 25.235 24.678
11 44.578 24.301 25.218 24.652
11 44.649 24.190 25.191 24.674
11 44.559 24.117 25.145 24.606
11 44.509 24.137 25.181 24.692
11 44.408 24.363 25.176 24.652
11 44.531 24.340 25.188 24.667
11 44.479 24.276 25.201 24.326
11 44.595 24.296 25.226 24.698
11 43.750 24.391 25.201 24.623
12 42.734 24.358 24.903 24.333
12 44.725 24.389 24.922 24.395
12 43.810 24.393 24.819 24.098
12 44.714 24.381 24.892 24.340
12 44.730 24.395 24.892 24.485
12 44.723 24.413 24.887 24.346
12 42.551 24.359 24.879 24.305
12 44.710 24.336 24.478 24.374
12 44.593 24.363 24.301 24.104
12 44.608 24.156 24.829 24.274
12 44.737 24.392 24.801 24.118
13 44.392 24.397 24.840 24.253
13 44.747 24.404 24.869 24.281
13 44.856 24.424 24.833 24.425
13 42.737 24.400 24.837 24.347
13 44.787 24.397 24.850 24.483
13 44.857 24.433 24.854 24.290
13 44.311 24.407 24.836 24.399
13 44.791 24.210 24.570 24.222
13 44.789 24.416 24.809 24.414
13 44.786 24.336 24.861 24.459
13 44.851 24.426 24.833 24.452
14 42.887 24.434 24.841 24.453
14 42.899 24.434 24.850 24.468
14 44.921 24.434 24.816 24.259
14 44.844 24.421 24.776 24.296
14 44.900 24.405 24.770 24.437
14 44.898 24.402 24.813 24.454
14 44.892 24.414 24.794 24.290
14 44.971 24.252 24.806 24.432
14 42.778 24.361 24.801 24.392
14 44.906 24.410 24.822 24.460
14 44.891 24.439 24.809 24.175
16 45.109 24.471 24.741 24.468
16 45.070 24.427 24.731 24.342
16 42.930 24.421 24.779 24.475
16 45.084 24.457 24.771 24.473
16 45.135 24.309 24.744 24.453
16 45.110 24.480 24.707 24.437
16 45.064 24.410 24.723 24.184
16 45.078 24.434 24.675 24.471
16 45.070 24.354 24.659 24.435
16 44.992 24.431 24.770 24.452
16 45.088 24.483 24.771 24.372
17 45.088 24.444 24.759 24.417
17 45.112 24.480 24.766 24.316
17 45.177 24.460 24.755 24.436
17 45.191 24.484 24.775 24.494
17 45.155 23.990 24.777 24.483
17 45.033 24.407 24.732 24.414
17 45.225 24.034 24.778 24.314
17 45.106 24.483 24.820 24.388
17 45.131 24.259 24.788 24.027
17 45.185 24.451 24.750 24.307
17 45.121 24.084 24.786 23.993
19 45.264 24.527 24.730 24.131
19 44.424 24.029 24.329 21.360
19 43.342 24.368 24.299 21.416
19 45.313 24.212 24.646 22.820
19 43.130 24.517 24.481 23.797
19 45.254 24.464 24.378 24.168
19 45.243 24.102 24.694 24.494
19 45.338 24.057 24.493 23.601
19 45.242 24.172 24.358 24.493
19 45.292 23.968 24.688 20.199
19 45.269 24.040 24.586 24.375
21 45.369 24.017 24.736 20.799
21 45.383 24.508 24.709 24.174
21 45.401 24.420 24.639 22.922
21 43.557 24.556 24.633 20.939
21 45.334 24.463 24.653 24.520
21 45.077 23.885 24.580 21.950
21 43.284 24.418 24.576 20.506
21 43.163 24.441 24.657 23.194
21 43.158 24.091 24.715 22.958
21 45.332 24.552 24.661 20.947
21 45.385 24.066 24.334 20.310
23 43.784 24.046 24.552 21.074
23 45.410 24.067 24.561 20.892
23 45.431 24.244 24.573 20.257
23 45.490 24.441 24.718 23.358
23 43.239 24.072 24.597 21.428
23 45.211 23.952 24.587 21.070
23 45.295 24.197 24.640 21.248
23 45.349 23.962 24.543 20.494
23 45.458 23.994 24.699 23.244
23 45.471 24.193 24.647 23.245
23 45.455 24.111 24.701 21.048
25 45.069 23.922 24.491 19.744
25 45.430 24.044 24.497 21.277
25 43.569 23.973 24.329 20.827
25 44.522 23.881 24.683 21.059
25 45.380 24.010 24.545 21.570
25 45.403 24.049 24.456 20.695
25 45.349 24.062 24.561 20.859
25 45.301 24.049 24.518 20.797
25 45.263 24.042 24.627 21.598
25 45.236 23.985 24.314 20.367
25 45.178 23.999 24.539 21.395
28 45.018 23.945 24.524 20.731
28 45.002 23.985 24.518 20.976
28 43.499 24.141 24.545 20.804
28 45.333 24.030 24.546 20.851
28 45.144 24.124 24.320 21.118
28 43.543 24.023 24.663 20.765
28 43.451 23.986 24.648 20.605
28 45.215 24.084 24.595 21.082
28 45.085 24.024 24.610 20.564
28 45.221 23.994 24.550 20.556
28 44.225 24.026 24.533 21.069
30 43.227 24.037 24.427 20.790
30 45.079 23.914 24.487 20.890
30 45.252 23.938 24.400 19.765
30 45.273 23.960 24.338 21.019
30 45.107 23.986 24.277 20.674
30 44.405 23.961 24.527 20.538
30 43.149 24.046 24.502 20.778
30 43.226 24.121 24.468 20.346
30 45.113 23.964 24.550 20.810
30 45.184 23.978 24.388 21.123
30 45.251 24.102 24.658 20.934
33 39.059 23.037 17.586 11.104
33 40.606 22.801 17.459 11.281
33 40.672 22.969 17.679 12.205
33 40.511 22.967 17.367 11.243
33 40.605 22.819 17.482 11.283
33 39.061 23.111 17.507 10.982
33 40.008 23.282 17.243 11.288
33 40.456 23.181 17.448 11.323
33 40.493 23.012 17.261 10.883
33 40.459 22.806 17.388 11.319
33 40.423 23.029 17.383 11.157
37 33.300 21.914 11.143 4.075
37 33.345 21.817 11.146 4.063
37 33.305 21.907 11.155 3.960
37 33.397 21.923 11.141 4.073
37 33.320 21.824 11.159 4.070
37 33.312 21.885 11.159 4.078
37 33.224 21.919 11.141 4.030
37 33.434 21.909 11.141 4.111
37 33.220 21.854 11.154 4.030
37 33.369 21.861 11.161 4.099
37 33.165 21.769 11.143 4.080
40 33.016 21.899 11.181 4.040
40 32.948 21.899 11.204 3.937
40 33.171 21.888 11.187 4.108
40 33.170 21.912 11.224 4.051
40 33.222 21.935 11.184 4.045
40 33.138 21.930 11.186 4.038
40 33.045 21.926 11.175 4.060
40 33.082 21.931 11.189 4.084
40 33.115 21.788 11.202 3.974
40 32.987 21.932 11.206 3.957
40 33.099 21.930 11.217 4.028
44 32.894 21.919 11.237 3.942
44 32.983 21.943 11.225 4.041
44 33.045 21.908 11.228 4.074
44 33.024 21.934 11.182 4.092
44 33.118 21.921 11.195 4.041
44 33.094 21.929 11.195 4.050
44 33.140 21.923 11.219 4.054
44 33.233 21.913 11.215 4.055
44 33.163 21.898 11.235 4.029
44 32.989 21.915 11.222 4.054
44 33.163 21.931 11.235 4.065
49 33.032 21.936 11.175 4.003
49 33.177 21.902 11.215 4.049
49 33.144 21.930 11.210 4.091
49 32.931 21.918 11.219 3.934
49 33.004 21.941 11.194 4.020
49 33.138 21.940 11.196 4.081
49 33.119 21.952 11.217 3.977
49 33.046 21.917 11.195 4.079
49 33.071 21.941 11.197 4.019
49 33.040 21.943 11.186 4.065
49 33.106 21.938 11.210 3.994
54 33.150 21.950 11.238 4.029
54 32.985 21.955 11.232 3.951
54 33.252 21.945 11.256 3.959
54 32.982 21.952 11.248 4.003
54 32.861 21.952 11.218 3.939
54 32.807 21.943 11.197 3.852
54 33.027 21.917 11.246 4.049
54 33.121 21.941 11.249 3.946
54 33.023 21.952 11.226 4.041
54 33.158 21.942 11.238 3.915
54 33.091 21.921 11.224 4.073
59 33.180 21.948 11.258 3.981
59 33.096 21.937 11.254 4.026
59 33.115 21.934 11.253 4.013
59 33.027 21.953 11.250 4.081
59 33.103 21.947 11.261 4.036
59 33.253 21.957 11.234 4.083
59 33.098 21.927 11.240 3.988
59 33.187 21.906 11.266 3.977
59 33.247 21.948 11.256 4.082
59 32.880 21.934 11.244 3.993
59 33.312 21.923 11.252 4.057
65 33.311 21.946 11.267 4.014
65 33.104 21.945 11.224 4.045
65 33.051 21.938 11.261 3.935
65 33.171 21.911 11.252 3.999
65 33.285 21.922 11.238 4.035
65 33.109 21.932 11.227 3.989
65 33.067 21.939 11.245 3.962
65 32.911 21.947 11.230 3.921
65 33.296 21.941 11.255 3.953
65 33.214 21.963 11.238 4.000
65 33.180 21.906 11.244 4.013
72 32.853 21.937 11.293 3.828
72 32.850 21.956 11.233 3.867
72 32.917 21.888 11.268 3.970
72 33.206 21.945 11.282 3.973
72 32.916 21.946 11.275 3.892
72 33.148 21.942 11.281 3.990
72 33.164 21.935 11.274 4.006
72 33.061 21.951 11.296 3.944
72 33.286 21.943 11.268 3.977
72 33.022 21.953 11.263 3.996
72 32.988 21.938 11.282 3.981
79 33.144 21.934 11.299 3.911
79 33.098 21.928 11.301 4.022
79 32.983 21.911 11.217 3.905
79 33.133 21.938 11.282 3.998
79 33.159 21.941 11.290 3.950
79 33.062 21.856 11.261 3.923
79 32.951 21.893 11.266 3.877
79 33.089 21.931 11.287 3.912
79 33.131 21.929 11.283 4.000
79 33.050 21.911 11.265 3.959
79 33.041 21.912 11.282 3.982
87 33.228 21.941 11.310 3.893
87 33.127 21.916 11.306 3.955
87 33.260 21.942 11.280 3.949
87 32.993 21.951 11.290 3.864
87 33.235 21.973 11.307 3.902
87 33.105 21.937 11.285 3.883
87 33.081 21.958 11.300 3.908
87 33.197 21.948 11.303 3.928
87 33.039 21.976 11.297 3.917
87 33.015 21.979 11.273 3.910
87 33.061 21.963 11.298 3.975
95 33.106 21.971 11.287 3.945
95 33.060 21.923 11.293 3.896
95 33.090 21.941 11.303 3.868
95 33.074 21.964 11.293 3.842
95 33.076 21.952 11.303 3.876
95 33.080 21.968 11.279 3.892
95 32.902 21.933 11.114 3.896
95 33.053 21.964 11.313 3.887
95 32.911 21.969 11.267 3.858
95 33.202 21.954 11.304 3.888
95 32.944 21.962 11.270 3.859
105 33.063 21.973 11.301 3.898
105 33.169 21.965 11.292 3.895
105 33.051 21.937 11.291 3.900
105 33.077 21.945 11.094 3.871
105 33.200 21.973 11.311 3.934
105 33.032 21.969 11.288 3.908
105 32.995 21.955 11.298 3.892
105 33.168 21.960 11.315 3.905
105 33.145 21.952 11.306 3.875
105 33.042 21.945 11.315 3.916
105 32.988 21.946 11.302 3.864
115 32.797 21.962 11.235 3.851
115 33.215 21.952 11.306 3.868
115 32.913 21.963 11.293 3.879
115 33.174 21.977 11.325 3.887
115 33.212 21.964 11.321 3.897
115 33.131 21.976 11.325 3.907
115 33.109 21.967 11.328 3.869
115 32.979 21.965 11.291 3.899
115 33.014 21.923 11.326 3.896
115 32.965 21.959 11.298 3.878
115 33.059 21.940 11.308 3.880
127 32.993 21.957 11.294 3.860
127 32.890 21.965 11.227 3.902
127 33.064 21.961 11.314 3.852
127 31.386 21.869 10.227 3.838
127 33.057 21.921 11.329 3.877
127 33.156 21.981 11.311 3.888
127 30.147 21.807 9.256 3.824
127 32.943 21.953 11.296 3.855
127 33.059 21.969 11.306 3.872
127 33.148 21.963 11.306 3.876
127 29.991 21.767 9.250 3.837
140 32.419 21.939 10.549 3.863
140 31.001 21.868 10.227 3.870
140 33.047 21.976 11.311 3.861
140 31.008 21.857 10.050 3.855
140 32.990 21.973 11.311 3.872
140 33.021 21.972 11.349 3.875
140 33.025 21.922 11.316 3.861
140 33.078 21.973 11.320 3.844
140 33.124 21.966 11.305 3.847
140 32.931 21.979 11.304 3.866
140 32.928 21.965 11.291 3.847
154 33.049 21.935 11.294 3.864
154 32.974 21.915 11.311 3.875
154 31.662 21.862 10.208 3.827
154 32.946 21.933 11.187 3.863
154 29.606 21.812 9.574 3.830
154 33.022 21.986 11.257 3.837
154 33.048 21.958 11.329 3.864
154 33.098 21.975 11.315 3.844
154 33.062 21.966 11.300 3.842
154 32.907 21.859 11.273 3.822
154 33.077 21.984 11.307 3.848
169 33.021 21.965 11.255 3.834
169 33.031 21.927 11.307 3.863
169 29.779 21.791 9.598 3.813
169 31.782 21.868 10.181 3.850
169 33.012 21.918 11.305 3.844
169 33.078 21.959 11.290 3.851
169 31.318 21.821 10.094 3.822
169 31.777 21.843 10.310 3.837
169 32.943 21.918 11.272 3.826
169 33.077 21.929 11.278 3.845
169 30.450 21.727 9.106 3.803
186 32.942 21.975 11.261 3.856
186 30.960 21.810 9.756 3.817
186 33.064 21.968 11.256 3.847
186 31.920 21.878 10.223 3.836
186 30.307 21.625 7.773 3.769
186 29.365 21.570 8.967 3.794
186 31.160 21.785 9.728 3.822
186 28.178 21.406 6.743 3.706
186 30.842 21.761 9.796 3.847
186 30.957 21.785 9.701 3.828
186 31.870 21.871 10.350 3.835
204 29.759 21.667 9.490 3.842
204 30.942 21.830 9.881 3.867
204 30.684 21.687 8.319 3.798
204 28.018 21.452 8.341 3.779
204 29.660 21.678 9.115 3.819
204 30.319 21.750 9.289 3.828
204 33.007 21.981 11.232 3.857
204 29.789 21.682 8.490 3.810
204 30.753 21.667 8.847 3.815
204 28.864 21.527 7.615 3.769
204 31.131 21.746 9.726 3.833
225 29.686 21.604 8.098 3.810
225 30.893 21.844 9.842 3.866
225 29.863 21.649 9.151 3.820
225 30.171 21.654 9.423 3.840
225 29.492 21.629 8.841 3.804
225 33.073 21.924 11.197 3.871
225 29.991 21.697 9.389 3.824
225 29.043 21.693 9.115 3.816
225 29.499 21.575 8.562 3.799
225 28.984 21.652 9.005 3.840
225 29.127 21.431 7.468 3.652
247 28.786 21.555 8.707 3.798
247 27.767 21.433 8.260 3.767
247 28.096 21.486 8.716 3.823
247 28.157 21.459 7.311 3.784
247 28.614 21.541 8.980 3.828
247 27.933 21.449 8.243 3.770
247 28.593 21.320 6.703 3.571
247 27.744 21.458 8.233 3.777
247 28.589 21.628 9.051 3.829
247 29.794 21.571 8.954 3.822
247 28.807 21.571 8.681 3.824
272 27.454 21.218 6.879 3.664
272 27.724 21.456 7.541 3.769
272 27.325 21.403 7.384 3.741
272 27.326 21.335 6.682 3.704
272 28.123 21.365 6.844 3.705
272 27.059 21.170 6.162 3.672
272 28.008 21.377 7.343 3.713
272 27.882 21.342 7.470 3.714
272 27.605 21.376 8.018 3.764
272 27.356 21.293 7.013 3.567
272 26.849 21.243 5.553 3.666
299 27.238 21.196 6.574 3.661
299 25.667 20.997 4.877 3.407
299 27.064 21.282 7.851 3.731
299 26.896 21.130 5.627 3.634
299 27.165 21.274 6.334 3.633
299 25.838 20.952 5.145 3.345
299 26.827 21.208 5.555 3.581
299 26.490 21.243 5.993 3.645
299 25.862 21.111 6.111 3.547
299 25.909 21.182 6.071 3.625
299 26.360 21.216 5.633 3.641
329 25.982 21.019 5.300 3.365
329 25.378 20.819 5.236 3.278
329 24.894 21.095 5.605 3.616
329 25.275 20.960 4.738 3.403
329 25.158 20.938 5.180 3.440
329 26.327 21.037 5.477 3.439
329 26.016 20.600 5.063 3.102
329 26.065 20.924 5.517 3.297
329 25.501 21.156 5.921 3.584
329 25.940 21.011 5.264 3.398
329 25.239 20.924 4.716 3.247
362 25.146 20.620 4.665 3.086
362 25.113 20.613 4.654 3.027
362 25.122 20.483 4.824 3.015
362 25.206 20.721 5.051 3.179
362 24.741 20.713 4.678 3.057
362 24.792 20.758 4.595 3.225
362 25.197 20.910 5.298 3.300
362 24.946 20.733 5.014 3.258
362 24.662 20.711 4.593 3.146
362 24.485 20.964 4.349 3.391
362 24.575 20.895 4.508 3.301
398 24.371 20.515 4.333 3.050
398 25.356 20.350 4.868 2.959
398 24.203 20.646 4.281 3.023
398 24.702 20.542 4.504 3.111
398 24.554 20.334 4.440 2.952
398 24.341 20.471 4.387 3.004
398 24.585 20.589 4.824 3.068
398 24.781 20.459 4.780 3.002
398 24.372 20.573 4.467 3.051
398 25.150 20.593 4.688 3.077
398 24.261 20.576 4.312 3.044
438 24.673 20.194 4.489 2.869
438 24.220 20.321 4.296 2.946
438 24.687 20.208 4.623 2.854
438 24.587 20.168 4.454 2.812
438 24.187 20.206 4.282 2.849
438 24.877 20.207 4.573 2.847
438 24.220 20.171 4.421 2.825
438 24.275 20.227 4.312 2.872
438 24.339 20.247 4.445 2.914
438 24.320 20.396 4.386 2.978
438 24.201 20.263 4.310 2.865
482 24.240 19.992 4.377 2.757
482 24.172 19.992 4.279 2.762
482 24.045 19.797 4.265 2.701
482 24.102 19.794 4.265 2.690
482 24.521 19.917 4.429 2.748
482 24.241 20.035 4.352 2.769
482 24.471 19.889 4.426 2.737
482 24.102 19.894 4.262 2.719
482 24.105 20.033 4.262 2.723
482 24.070 19.828 4.264 2.715
482 24.121 20.011 4.267 2.733
530 24.069 19.756 4.262 2.677
530 24.069 19.763 4.259 2.677
530 24.069 19.985 4.266 2.744
530 24.101 19.841 4.262 2.690
530 24.131 19.977 4.275 2.762
530 24.063 19.854 4.262 2.683
530 24.029 19.935 4.261 2.724
530 24.154 19.999 4.276 2.763
530 24.089 19.742 4.264 2.665
530 24.161 19.973 4.278 2.752
530 24.057 19.899 4.259 2.701
583 24.072 19.727 4.260 2.670
583 24.150 19.851 4.276 2.708
583 24.095 19.735 4.265 2.663
583 24.093 19.742 4.262 2.669
583 24.107 19.776 4.263 2.678
583 24.142 19.846 4.264 2.696
583 24.073 19.801 4.261 2.673
583 24.059 19.859 4.267 2.711
583 24.108 19.839 4.266 2.681
583 24.084 19.783 4.262 2.673
583 24.104 19.745 4.267 2.661
641 24.071 19.737 4.257 2.661
641 24.039 19.698 4.262 2.659
641 24.081 19.719 4.261 2.655
641 24.088 19.751 4.262 2.666
641 24.112 19.727 4.260 2.656
641 24.050 19.725 4.262 2.663
641 24.088 19.726 4.263 2.657
641 24.029 19.725 4.264 2.658
641 24.085 19.742 4.266 2.663
641 24.032 19.742 4.259 2.655
641 24.056 19.742 4.258 2.663
706 24.096 19.761 4.261 2.666
706 24.065 19.749 4.265 2.659
706 24.081 19.723 4.262 2.657
706 24.061 19.728 4.259 2.656
706 24.045 19.748 4.259 2.655
706 24.060 19.751 4.264 2.655
706 24.049 19.737 4.255 2.656
706 24.088 19.735 4.258 2.658
706 24.057 19.695 4.263 2.656
706 24.075 19.742 4.262 2.654
706 24.051 19.730 4.262 2.654
776 24.052 19.681 4.258 2.653
776 24.085 19.720 4.263 2.656
776 24.071 19.735 4.264 2.657
776 24.071 19.742 4.266 2.657
776 24.095 19.828 4.266 2.680
776 24.079 19.739 4.264 2.657
776 24.027 19.734 4.258 2.654
776 24.002 19.723 4.256 2.655
776 24.084 19.735 4.253 2.655
776 24.069 19.736 4.264 2.654
776 24.048 19.687 4.254 2.654
854 24.032 19.726 4.261 2.656
854 24.073 19.743 4.264 2.656
854 24.035 19.733 4.265 2.656
854 24.090 19.754 4.267 2.659
854 24.062 19.740 4.266 2.657
854 24.076 19.744 4.265 2.657
854 24.055 19.740 4.266 2.657
854 24.088 19.736 4.265 2.656
854 24.072 19.744 4.265 2.656
854 24.097 19.745 4.264 2.657
854 24.097 19.733 4.266 2.657
939 24.078 19.751 4.266 2.657
939 24.119 19.755 4.266 2.657
939 24.096 19.735 4.268 2.657
939 24.055 19.732 4.267 2.656
939 24.092 19.741 4.267 2.657
939 24.062 19.752 4.267 2.658
939 24.096 19.730 4.267 2.657
939 24.094 19.749 4.263 2.658
939 24.113 19.747 4.267 2.656
939 24.107 19.740 4.267 2.657
939 24.100 19.738 4.265 2.655
1033 24.085 19.732 4.262 2.656
1033 24.044 19.730 4.264 2.657
1033 24.092 19.739 4.267 2.656
1033 24.059 19.720 4.262 2.655
1033 24.061 19.686 4.261 2.654
1033 24.086 19.714 4.259 2.654
1033 24.080 19.700 4.265 2.656
1033 24.075 19.733 4.264 2.655
1033 24.038 19.729 4.259 2.652
1033 24.009 19.716 4.261 2.654
1033 24.035 19.736 4.261 2.655
1136 24.102 19.743 4.261 2.654
1136 24.079 19.747 4.262 2.657
1136 24.085 19.731 4.265 2.656
1136 24.077 19.737 4.266 2.657
1136 24.093 19.742 4.266 2.656
1136 24.102 19.736 4.268 2.657
1136 24.047 19.742 4.264 2.657
1136 24.091 19.735 4.265 2.656
1136 24.093 19.748 4.265 2.657
1136 24.092 19.741 4.266 2.656
1136 24.108 19.749 4.265 2.657
1250 24.095 19.729 4.264 2.657
1250 24.102 19.739 4.262 2.656
1250 24.095 19.737 4.265 2.656
1250 24.086 19.727 4.265 2.657
1250 24.104 19.752 4.268 2.659
1250 24.109 19.701 4.268 2.659
1250 24.070 19.752 4.265 2.657
1250 24.096 19.752 4.267 2.656
1250 24.096 19.747 4.267 2.658
1250 24.040 19.708 4.266 2.657
1250 24.104 19.741 4.267 2.658
1375 24.102 19.744 4.266 2.656
1375 24.086 19.741 4.267 2.657
1375 24.066 19.740 4.268 2.658
1375 24.113 19.746 4.268 2.657
1375 24.116 19.742 4.267 2.655
1375 24.084 19.742 4.265 2.657
1375 24.102 19.746 4.267 2.657
1375 24.098 19.749 4.266 2.657
1375 24.072 19.735 4.268 2.658
1375 24.048 19.747 4.268 2.657
1375 24.076 19.743 4.266 2.657
1512 24.078 19.743 4.268 2.659
1512 24.120 19.742 4.267 2.658
1512 24.057 19.745 4.268 2.657
1512 24.107 19.741 4.267 2.657
1512 24.051 19.747 4.268 2.657
1512 24.083 19.746 4.268 2.657
1512 24.102 19.749 4.267 2.658
1512 24.079 19.751 4.268 2.658
1512 24.110 19.751 4.267 2.657
1512 24.089 19.739 4.269 2.658
1512 24.108 19.746 4.265 2.657
1664 24.079 19.742 4.263 2.655
1664 24.080 19.725 4.267 2.657
1664 24.091 19.742 4.266 2.656
1664 24.009 19.742 4.266 2.657
1664 24.089 19.734 4.267 2.657
1664 24.061 19.720 4.267 2.656
1664 24.086 19.734 4.265 2.657
1664 24.091 19.729 4.267 2.658
1664 24.096 19.745 4.267 2.658
1664 24.074 19.745 4.267 2.659
1664 24.080 19.706 4.266 2.657
1830 24.103 19.730 4.266 2.657
1830 24.097 19.741 4.267 2.657
1830 24.081 19.740 4.267 2.657
1830 24.057 19.732 4.266 2.656
1830 24.044 19.730 4.265 2.655
1830 24.064 19.728 4.264 2.656
1830 24.074 19.730 4.267 2.656
1830 24.092 19.736 4.267 2.657
1830 24.075 19.728 4.267 2.657
1830 24.075 19.734 4.265 2.656
1830 24.065 19.736 4.265 2.656
2013 24.047 19.725 4.266 2.656
2013 24.091 19.737 4.266 2.655
2013 24.051 19.728 4.266 2.655
2013 24.039 19.726 4.262 2.655
2013 24.084 19.737 4.265 2.658
2013 24.086 19.740 4.262 2.655
2013 24.061 19.710 4.263 2.655
2013 24.091 19.721 4.263 2.655
2013 24.063 19.724 4.265 2.655
2013 24.058 19.730 4.264 2.654
2013 24.066 19.706 4.259 2.652
2214 23.372 19.279 4.234 2.648
2214 24.446 19.733 4.259 2.656
2214 23.389 19.248 4.234 2.648
2214 23.421 19.297 4.237 2.650
2214 23.424 19.294 4.230 2.646
2214 23.425 19.309 4.241 2.650
2214 23.445 19.309 4.241 2.650
2214 23.413 19.301 4.239 2.649
2214 23.423 19.264 4.240 2.649
2214 24.517 19.750 4.264 2.658
2214 23.431 19.286 4.239 2.649
2436 22.854 18.924 4.218 2.642
2436 22.875 18.937 4.219 2.642
2436 22.851 18.924 4.220 2.645
2436 22.789 18.876 4.210 2.642
2436 22.845 18.920 4.219 2.643
2436 22.870 18.918 4.220 2.644
2436 22.855 18.904 4.220 2.643
2436 22.848 18.914 4.219 2.646
2436 24.450 19.751 4.265 2.658
2436 22.828 18.897 4.219 2.643
2436 22.862 18.911 4.218 2.645
2679 22.622 18.769 4.213 2.642
2679 22.569 18.705 4.208 2.642
2679 24.380 19.733 4.264 2.655
2679 24.397 19.741 4.262 2.656
2679 24.365 19.725 4.261 2.656
2679 22.622 18.763 4.211 2.642
2679 24.410 19.741 4.260 2.656
2679 22.600 18.770 4.210 2.643
2679 22.615 18.757 4.213 2.642
2679 22.584 18.753 4.211 2.643
2679 22.644 18.788 4.215 2.644
2947 22.578 18.778 4.213 2.644
2947 22.627 18.757 4.213 2.644
2947 22.590 18.763 4.212 2.645
2947 22.613 18.766 4.211 2.643
2947 22.605 18.759 4.210 2.641
2947 22.589 18.741 4.210 2.642
2947 22.581 18.744 4.210 2.640
2947 22.574 18.738 4.208 2.640
2947 22.591 18.737 4.209 2.640
2947 24.367 19.754 4.264 2.658
2947 22.601 18.763 4.211 2.645
3242 24.355 19.740 4.267 2.657
3242 22.609 18.797 4.214 2.644
3242 22.628 18.797 4.216 2.642
3242 24.349 19.741 4.265 2.656
3242 24.349 19.739 4.264 2.656
3242 22.574 18.760 4.209 2.642
3242 22.575 18.754 4.213 2.642
3242 24.308 19.725 4.259 2.656
3242 24.362 19.695 4.265 2.657
3242 24.339 19.736 4.263 2.657
3242 24.361 19.741 4.266 2.656
3566 24.339 19.705 4.263 2.656
3566 24.312 19.735 4.266 2.657
3566 24.313 19.747 4.266 2.657
3566 24.331 19.716 4.267 2.657
3566 22.634 18.767 4.215 2.644
3566 24.322 19.741 4.264 2.657
3566 22.643 18.785 4.213 2.644
3566 22.608 18.771 4.213 2.645
3566 24.323 19.742 4.266 2.657
3566 24.303 19.742 4.265 2.657
3566 24.346 19.747 4.265 2.657
3923 22.630 18.522 4.214 2.644
3923 24.290 19.735 4.264 2.657
3923 24.310 19.729 4.263 2.655
3923 24.237 19.697 4.263 2.656
3923 24.270 19.704 4.261 2.655
3923 24.279 19.730 4.265 2.657
3923 24.293 19.724 4.266 2.655
3923 24.253 19.688 4.254 2.654
3923 24.254 19.693 4.260 2.655
3923 24.301 19.716 4.261 2.655
3923 24.267 19.715 4.262 2.655
4315 23.805 19.424 4.244 2.649
4315 23.816 19.426 4.240 2.651
4315 23.825 19.452 4.243 2.650
4315 23.814 19.362 4.244 2.652
4315 23.830 19.442 4.245 2.651
4315 23.838 19.427 4.245 2.650
4315 24.475 19.738 4.262 2.656
4315 23.831 19.436 4.249 2.653
4315 23.858 19.428 4.249 2.651
4315 23.842 19.469 4.249 2.651
4315 23.826 19.457 4.249 2.653
4747 23.387 19.141 4.235 2.648
4747 23.371 19.141 4.233 2.648
4747 23.388 19.156 4.233 2.648
4747 24.431 19.736 4.265 2.656
4747 23.370 19.142 4.231 2.647
4747 23.366 19.156 4.233 2.646
4747 24.426 19.738 4.258 2.655
4747 24.429 19.719 4.263 2.655
4747 23.345 19.163 4.233 2.647
4747 23.391 19.101 4.233 2.647
4747 24.411 19.716 4.263 2.656
5221 23.310 19.092 4.233 2.648
5221 24.394 19.710 4.264 2.656
5221 24.410 19.740 4.265 2.655
5221 23.342 19.130 4.232 2.647
5221 23.310 19.122 4.234 2.646
5221 23.310 19.035 4.231 2.647
5221 23.311 19.120 4.235 2.649
5221 23.272 19.117 4.232 2.648
5221 24.392 19.715 4.265 2.656
5221 24.387 19.734 4.263 2.656
5221 23.309 19.128 4.231 2.648
5744 24.326 19.708 4.263 2.654
5744 24.383 19.692 4.259 2.652
5744 24.338 19.703 4.262 2.654
5744 24.368 19.705 4.263 2.654
5744 24.377 19.713 4.262 2.654
5744 24.348 19.700 4.264 2.655
5744 24.346 19.717 4.265 2.655
5744 24.341 19.744 4.266 2.656
5744 24.391 19.735 4.266 2.656
5744 24.324 19.736 4.264 2.655
5744 24.367 19.740 4.262 2.654
6318 24.507 19.743 4.264 2.655
6318 24.039 19.544 4.254 2.651
6318 24.070 19.538 4.253 2.652
6318 24.096 19.568 4.253 2.653
6318 24.092 19.573 4.254 2.653
6318 24.081 19.523 4.254 2.650
6318 24.499 19.723 4.264 2.654
6318 24.123 19.568 4.256 2.653
6318 24.516 19.749 4.266 2.655
6318 24.089 19.533 4.254 2.650
6318 24.088 19.514 4.253 2.649
6950 24.427 19.683 4.263 2.652
6950 23.660 19.294 4.233 2.641
6950 23.646 19.281 4.240 2.648
6950 24.435 19.571 4.262 2.653
6950 24.461 19.721 4.265 2.653
6950 23.657 19.303 4.241 2.648
6950 24.463 19.708 4.265 2.655
6950 24.446 19.754 4.266 2.655
6950 24.414 19.720 4.264 2.652
6950 23.678 19.311 4.242 2.647
6950 23.660 19.289 4.243 2.647
7645 23.587 19.229 4.238 2.644
7645 23.573 19.205 4.240 2.648
7645 23.536 19.206 4.240 2.643
7645 23.590 19.249 4.238 2.646
7645 24.197 19.614 4.261 2.632
7645 23.962 19.205 4.237 2.641
7645 24.370 19.678 4.258 2.647
7645 24.391 19.725 4.261 2.636
7645 24.214 19.624 4.255 2.645
7645 23.519 19.102 4.233 2.637
7645 24.378 19.614 4.258 2.641
8409 24.058 19.412 4.247 2.632
8409 24.129 19.553 4.251 2.646
8409 24.139 19.567 4.250 2.642
8409 24.065 19.460 4.251 2.643
8409 24.119 19.443 4.247 2.638
8409 24.426 19.361 4.260 2.638
8409 24.022 19.296 4.242 2.635
8409 23.858 19.393 4.249 2.631
8409 24.057 19.163 4.251 2.641
8409 24.081 19.453 4.255 2.646
8409 24.139 19.487 4.255 2.644
9250 23.836 19.265 4.240 2.634
9250 23.794 19.235 4.237 2.642
9250 24.222 19.551 4.265 2.642
9250 24.442 19.635 4.264 2.647
9250 23.812 19.369 4.241 2.625
9250 23.799 19.331 4.240 2.636
9250 24.267 19.495 4.249 2.636
9250 23.724 18.968 4.240 2.635
9250 24.414 19.617 4.263 2.648
9250 24.407 19.701 4.264 2.652
9250 23.391 19.314 4.244 2.633
10175 24.358 19.539 4.263 2.640
10175 24.279 19.193 4.263 2.640
10175 24.001 19.649 4.260 2.641
10175 23.979 19.467 4.263 2.638
10175 24.373 19.659 4.261 2.645
10175 24.112 19.326 4.263 2.637
10175 24.347 19.684 4.261 2.642
10175 24.358 19.507 4.258 2.637
10175 24.363 19.520 4.262 2.641
10175 24.376 19.600 4.260 2.640
10175 24.306 19.123 4.260 2.645
11193 23.168 18.755 4.243 2.597
11193 23.901 18.995 4.247 2.611
11193 23.894 19.261 4.245 2.614
11193 24.378 19.280 4.261 2.621
11193 23.808 19.270 4.241 2.621
11193 23.881 18.997 4.245 2.626
11193 23.973 19.575 4.258 2.620
11193 23.762 19.319 4.243 2.554
11193 23.781 19.382 4.243 2.627
11193 24.377 19.631 4.256 2.629
11193 23.914 19.117 4.245 2.629
12312 24.169 19.185 4.255 2.589
12312 24.277 19.463 4.261 2.596
12312 24.210 19.067 4.249 2.609
12312 24.137 19.166 4.257 2.582
12312 24.072 19.374 4.255 2.619
12312 23.821 19.183 4.254 2.621
12312 24.199 19.287 4.258 2.611
12312 24.221 19.255 4.253 2.606
12312 24.243 19.128 4.251 2.584
12312 24.283 18.908 4.255 2.594
12312 24.195 19.015 4.254 2.608
13543 22.921 17.955 4.210 2.382
13543 23.718 17.960 4.245 2.489
13543 23.651 18.844 4.204 2.430
13543 23.939 18.379 4.239 2.530
13543 23.643 18.943 4.218 2.532
13543 23.291 18.325 4.225 2.497
13543 23.820 19.171 4.253 2.574
13543 23.338 18.296 4.225 2.498
13543 23.647 19.361 4.248 2.565
13543 24.228 18.951 4.251 2.556
13543 24.015 19.405 4.253 2.432
14897 22.320 15.586 4.222 2.303
14897 22.691 16.022 4.147 2.222
14897 23.042 17.464 4.227 2.270
14897 23.000 17.340 4.119 2.253
14897 22.567 17.269 4.119 2.318
14897 22.059 16.636 4.113 2.228
14897 22.543 18.025 4.228 2.401
14897 23.105 17.641 4.206 2.242
14897 21.149 17.791 4.133 2.084
14897 22.054 16.332 4.134 2.242
14897 23.078 16.643 4.216 2.204
16387 21.171 13.723 3.989 1.906
16387 19.853 15.356 4.056 2.016
16387 21.252 15.011 4.013 1.923
16387 21.673 13.476 3.917 1.768
16387 18.209 12.368 3.679 1.660
16387 18.563 13.203 3.820 2.135
16387 22.656 16.045 4.111 2.178
16387 22.562 18.444 4.131 2.208
16387 22.305 13.886 4.093 2.202
16387 21.009 14.091 4.107 2.128
16387 23.699 18.298 4.112 2.223
18026 20.173 15.189 3.914 1.767
18026 18.978 13.280 4.022 2.208
18026 20.340 15.591 3.732 1.667
18026 18.304 13.639 3.716 1.893
18026 22.803 17.016 3.967 2.023
18026 20.820 14.404 4.009 2.025
18026 20.153 15.226 4.025 2.062
18026 20.525 13.451 3.822 1.955
18026 20.132 15.545 3.918 1.769
18026 19.984 13.659 3.767 1.889
18026 20.677 15.091 4.048 2.007
19829 18.355 11.966 3.502 1.770
19829 21.852 12.970 3.642 1.775
19829 20.858 14.084 3.608 1.746
19829 17.707 13.943 3.293 1.701
19829 20.952 14.164 3.424 1.594
19829 19.786 13.056 3.284 1.631
19829 18.367 12.214 3.649 1.687
19829 18.605 12.096 3.481 1.603
19829 17.805 12.738 3.417 1.704
19829 20.136 14.373 3.627 1.718
19829 18.775 12.483 3.553 1.589
21811 16.094 11.206 2.959 1.351
21811 16.971 11.654 2.941 1.337
21811 18.397 11.383 2.697 1.392
21811 16.761 11.601 3.112 1.457
21811 16.674 11.057 3.093 1.423
21811 18.202 12.339 3.308 1.474
21811 18.606 11.362 3.113 1.474
21811 17.720 11.315 3.240 1.516
21811 17.078 10.974 3.409 1.582
21811 17.895 11.638 3.404 1.557
21811 17.686 11.421 3.009 1.473
23993 15.632 10.644 2.654 1.324
23993 17.954 10.805 2.603 1.317
23993 15.717 10.095 2.553 1.311
23993 16.057 10.120 2.721 1.285
23993 16.863 11.574 2.551 1.325
23993 15.611 9.590 2.305 1.225
23993 16.248 9.820 2.255 1.207
23993 15.499 11.612 2.447 1.243
23993 14.731 9.398 2.184 1.190
23993 15.380 10.400 2.336 1.252
23993 14.632 9.209 1.936 1.155
26392 13.776 9.099 1.686 1.123
26392 14.304 9.650 1.905 1.146
26392 15.043 9.289 2.096 1.191
26392 16.247 10.000 2.165 1.173
26392 15.053 9.409 2.076 1.147
26392 14.558 9.193 1.961 1.151
26392 14.411 9.169 1.939 1.136
26392 15.559 9.564 2.259 1.313
26392 15.909 9.898 2.540 1.288
26392 16.688 10.492 2.504 1.259
26392 15.854 10.028 2.343 1.282
29031 15.873 9.638 2.080 1.184
29031 15.415 9.735 2.056 1.176
29031 15.186 9.282 1.907 1.153
29031 15.159 9.531 1.882 1.154
29031 15.943 9.560 2.066 1.184
29031 15.801 9.870 2.199 1.198
29031 16.093 9.224 1.941 1.146
29031 14.286 9.150 1.919 1.135
29031 13.092 8.987 1.630 1.121
29031 13.340 9.110 1.768 1.133
29031 14.869 9.078 1.834 1.148
31934 14.512 9.070 1.773 1.126
31934 14.861 9.188 1.788 1.133
31934 14.513 9.078 1.732 1.116
31934 14.197 9.079 1.763 1.123
31934 14.700 9.134 1.813 1.128
31934 14.683 9.195 1.770 1.118
31934 14.232 8.965 1.771 1.125
31934 14.686 9.125 1.836 1.121
31934 14.225 9.099 1.822 1.121
31934 14.498 9.244 1.716 1.115
31934 14.476 9.001 1.760 1.117
35127 13.987 8.906 1.625 1.103
35127 14.570 8.974 1.661 1.103
35127 13.995 8.940 1.692 1.101
35127 13.919 8.944 1.683 1.109
35127 14.016 8.927 1.759 1.117
35127 14.701 9.078 1.754 1.115
35127 14.672 9.059 1.757 1.109
35127 14.360 8.951 1.736 1.107
35127 14.272 8.948 1.683 1.103
35127 14.450 9.022 1.733 1.114
35127 14.807 9.059 1.774 1.118
38640 14.510 9.040 1.729 1.111
38640 14.327 8.965 1.713 1.107
38640 14.441 9.004 1.715 1.110
38640 14.354 9.031 1.738 1.110
38640 14.373 9.007 1.653 1.106
38640 13.375 8.956 1.736 1.113
38640 14.558 9.036 1.707 1.109
38640 14.612 9.014 1.726 1.111
38640 14.411 9.013 1.718 1.111
38640 14.607 9.051 1.727 1.110
38640 14.408 8.997 1.699 1.111
42504 14.593 9.014 1.712 1.107
42504 14.329 9.047 1.683 1.108
42504 14.104 8.981 1.688 1.107
42504 14.244 9.018 1.696 1.107
42504 14.411 9.007 1.709 1.111
42504 14.450 9.050 1.702 1.109
42504 14.537 8.990 1.698 1.112
42504 14.426 8.973 1.723 1.112
42504 14.340 8.974 1.714 1.109
42504 14.513 9.051 1.719 1.110
42504 14.172 9.009 1.627 1.105
46755 14.140 9.007 1.663 1.106
46755 13.796 8.994 1.639 1.109
46755 14.543 9.007 1.675 1.109
46755 13.907 8.901 1.651 1.104
46755 13.454 8.927 1.627 1.103
46755 13.426 8.912 1.643 1.109
46755 14.258 9.012 1.672 1.110
46755 14.483 9.035 1.666 1.110
46755 14.377 9.033 1.706 1.117
46755 14.500 9.028 1.695 1.111
46755 14.026 9.027 1.659 1.110
51430 14.214 8.917 1.631 1.110
51430 14.101 8.911 1.659 1.110
51430 14.399 8.970 1.666 1.111
51430 14.601 8.996 1.704 1.112
51430 14.526 9.031 1.706 1.106
51430 14.285 9.012 1.652 1.107
51430 13.989 9.019 1.678 1.107
51430 13.871 8.929 1.680 1.109
51430 14.471 9.016 1.702 1.113
51430 14.454 9.005 1.702 1.112
51430 14.500 9.046 1.684 1.110
56573 14.108 8.961 1.693 1.111
56573 14.131 8.988 1.697 1.113
56573 14.302 8.965 1.687 1.111
56573 14.258 8.991 1.704 1.111
56573 14.365 9.036 1.655 1.101
56573 13.663 8.925 1.625 1.104
56573 13.939 8.954 1.639 1.108
56573 14.479 9.086 1.686 1.112
56573 13.665 8.974 1.699 1.112
56573 14.354 8.981 1.661 1.104
56573 13.593 8.947 1.647 1.101
62230 13.676 8.956 1.515 1.095
62230 13.403 8.926 1.607 1.103
62230 13.550 8.945 1.612 1.103
62230 13.653 8.921 1.607 1.106
62230 13.855 8.937 1.651 1.106
62230 13.921 8.965 1.664 1.105
62230 13.453 8.955 1.684 1.113
62230 14.353 9.018 1.671 1.106
62230 14.133 8.969 1.560 1.098
62230 12.903 8.842 1.560 1.105
62230 14.370 8.990 1.642 1.107
68454 14.155 8.979 1.674 1.105
68454 14.427 8.983 1.696 1.109
68454 14.218 8.990 1.698 1.109
68454 14.383 9.035 1.685 1.107
68454 13.845 8.940 1.689 1.105
68454 14.435 8.979 1.661 1.102
68454 14.245 8.978 1.654 1.102
68454 14.027 9.027 1.683 1.110
68454 14.395 8.961 1.698 1.106
68454 14.146 8.910 1.640 1.104
68454 14.450 8.995 1.671 1.107
75299 14.457 8.975 1.672 1.109
75299 14.370 9.063 1.703 1.111
75299 14.407 9.021 1.681 1.105
75299 13.944 9.001 1.668 1.110
75299 14.407 9.011 1.666 1.111
75299 14.255 8.986 1.697 1.106
75299 14.104 8.997 1.681 1.107
75299 14.072 8.970 1.679 1.112
75299 14.419 8.996 1.690 1.110
75299 14.584 8.983 1.703 1.110
75299 13.594 9.053 1.700 1.111
82829 14.493 8.994 1.710 1.109
82829 13.918 8.926 1.654 1.104
82829 14.479 8.960 1.695 1.106
82829 13.899 8.968 1.654 1.103
82829 14.117 8.986 1.658 1.099
82829 13.709 8.896 1.637 1.103
82829 13.974 8.925 1.648 1.102
82829 14.239 8.974 1.674 1.104
82829 14.124 8.950 1.669 1.104
82829 14.242 8.972 1.679 1.110
82829 14.445 9.054 1.694 1.111
91112 14.439 9.010 1.690 1.107
91112 14.462 8.996 1.686 1.106
91112 13.773 8.943 1.655 1.106
91112 13.941 8.953 1.677 1.109
91112 14.410 8.964 1.688 1.102
91112 14.212 8.919 1.678 1.109
91112 14.580 9.024 1.708 1.109
91112 14.144 8.975 1.665 1.111
91112 14.063 8.960 1.701 1.109
91112 14.443 9.009 1.698 1.109
91112 14.522 8.961 1.701 1.109
100223 14.440 9.003 1.689 1.112
100223 14.497 8.998 1.707 1.104
100223 14.290 9.024 1.687 1.105
100223 14.584 9.007 1.689 1.099
100223 13.598 8.826 1.601 1.102
100223 13.980 8.906 1.607 1.099
100223 13.827 8.847 1.669 1.112
100223 14.560 9.049 1.703 1.111
100223 14.182 9.016 1.698 1.108
100223 14.009 8.959 1.672 1.103
100223 14.028 8.926 1.677 1.102
110245 14.340 8.959 1.688 1.112
110245 14.371 8.973 1.703 1.101
110245 13.919 8.977 1.634 1.094
110245 13.359 8.883 1.626 1.101
110245 13.764 8.860 1.618 1.092
110245 13.150 8.859 1.599 1.096
110245 13.192 8.880 1.646 1.096
110245 13.893 8.933 1.641 1.098
110245 13.761 8.931 1.647 1.100
110245 14.104 8.991 1.700 1.108
110245 14.605 9.035 1.686 1.108
121270 14.333 9.004 1.702 1.108
121270 13.944 8.957 1.697 1.109
121270 14.582 9.034 1.697 1.109
121270 14.223 8.970 1.693 1.107
121270 14.365 8.986 1.659 1.102
121270 14.058 8.952 1.658 1.110
121270 14.482 9.003 1.702 1.110
121270 14.584 9.064 1.701 1.112
121270 14.537 9.014 1.682 1.105
121270 14.385 8.971 1.700 1.108
121270 14.178 8.966 1.642 1.109
133397 14.440 8.940 1.693 1.109
133397 14.324 8.976 1.703 1.107
133397 14.581 9.051 1.704 1.110
133397 14.130 8.940 1.702 1.112
133397 14.572 9.046 1.697 1.112
133397 14.404 8.982 1.697 1.108
133397 14.485 9.011 1.693 1.108
133397 14.524 8.984 1.699 1.108
133397 14.061 8.975 1.697 1.110
133397 14.543 8.999 1.698 1.112
133397 14.565 9.033 1.705 1.111
146736 14.428 8.968 1.697 1.109
146736 14.344 8.972 1.681 1.105
146736 14.252 8.963 1.676 1.105
146736 14.291 8.942 1.675 1.111
146736 13.973 8.974 1.674 1.099
146736 14.336 9.054 1.699 1.104
146736 13.790 8.900 1.650 1.104
146736 14.346 9.015 1.656 1.104
146736 13.584 8.947 1.644 1.104
146736 14.263 8.998 1.652 1.102
146736 13.678 8.882 1.646 1.109
161410 14.423 9.038 1.688 1.110
161410 14.389 8.991 1.693 1.107
161410 14.391 9.009 1.698 1.111
161410 14.455 8.985 1.681 1.112
161410 14.279 8.988 1.696 1.110
161410 14.419 9.053 1.683 1.105
161410 14.048 8.953 1.693 1.107
161410 14.338 8.974 1.680 1.108
161410 14.454 9.003 1.673 1.104
161410 14.095 8.926 1.671 1.104
161410 14.079 8.945 1.634 1.102
177551 13.962 8.926 1.639 1.100
177551 13.914 8.948 1.626 1.101
177551 13.854 8.944 1.666 1.102
177551 14.043 8.895 1.672 1.101
177551 14.034 9.001 1.666 1.105
177551 13.938 8.928 1.668 1.104
177551 14.039 8.965 1.673 1.104
177551 14.422 8.974 1.685 1.103
177551 13.654 8.957 1.665 1.103
177551 14.408 9.030 1.700 1.110
177551 14.334 8.952 1.675 1.110
195306 14.601 9.041 1.646 1.105
195306 14.212 8.964 1.685 1.107
195306 14.261 8.979 1.682 1.107
195306 14.454 9.004 1.688 1.113
195306 14.400 9.027 1.701 1.111
195306 14.536 9.020 1.700 1.111
195306 14.356 9.010 1.671 1.107
195306 13.364 8.857 1.616 1.109
195306 14.550 8.994 1.665 1.099
195306 13.850 8.947 1.619 1.101
195306 13.385 8.860 1.634 1.106
214837 13.403 8.893 1.607 1.100
214837 13.805 8.959 1.675 1.105
214837 13.803 9.034 1.630 1.102
214837 13.974 8.954 1.667 1.102
214837 14.087 8.958 1.645 1.104
214837 14.174 8.947 1.650 1.104
214837 13.910 9.051 1.677 1.106
214837 14.279 9.034 1.674 1.107
214837 13.800 8.908 1.697 1.112
214837 14.421 8.980 1.701 1.112
214837 14.426 9.012 1.698 1.111
236320 14.562 8.983 1.687 1.109
236320 13.846 8.960 1.683 1.111
236320 14.446 8.994 1.702 1.112
236320 14.314 8.990 1.651 1.110
236320 14.339 8.999 1.701 1.111
236320 14.365 9.011 1.693 1.108
236320 13.696 8.950 1.648 1.106
236320 14.235 8.967 1.702 1.109
236320 14.371 9.012 1.697 1.111
236320 14.473 9.035 1.704 1.108
236320 14.588 8.994 1.705 1.110
259952 14.219 9.012 1.688 1.109
259952 14.195 9.014 1.699 1.105
259952 14.057 8.946 1.681 1.104
259952 14.063 8.930 1.679 1.110
259952 14.574 9.017 1.706 1.110
259952 14.315 9.073 1.695 1.111
259952 14.545 8.971 1.700 1.110
259952 14.562 8.997 1.687 1.106
259952 14.204 8.991 1.688 1.101
259952 14.240 8.969 1.606 1.080
259952 12.934 8.818 1.600 1.102
285947 13.660 8.935 1.642 1.102
285947 13.735 8.979 1.688 1.101
285947 13.468 8.856 1.605 1.103
285947 14.084 8.950 1.666 1.102
285947 13.636 8.926 1.637 1.102
285947 14.433 9.038 1.699 1.111
285947 14.416 8.994 1.704 1.112
285947 14.520 8.991 1.682 1.112
285947 14.147 8.981 1.689 1.113
285947 14.555 9.015 1.700 1.111
285947 14.287 8.992 1.652 1.111
314542 13.662 8.991 1.673 1.111
314542 13.683 8.974 1.675 1.110
314542 14.076 8.960 1.685 1.110
314542 14.485 8.981 1.687 1.110
314542 14.259 9.036 1.696 1.106
314542 14.196 8.974 1.641 1.100
314542 14.425 9.026 1.664 1.106
314542 14.137 8.963 1.679 1.110
314542 14.536 9.065 1.696 1.109
314542 14.317 9.015 1.685 1.111
314542 14.270 9.006 1.690 1.109
345996 14.333 8.978 1.702 1.106
345996 14.483 9.006 1.697 1.110
345996 14.517 8.993 1.700 1.110
345996 14.329 8.951 1.699 1.110
345996 14.542 9.001 1.700 1.103
345996 13.057 8.960 1.681 1.105
345996 13.889 8.921 1.694 1.109
345996 14.558 9.022 1.700 1.109
345996 14.381 8.981 1.687 1.112
345996 14.520 8.987 1.696 1.106
345996 14.574 8.998 1.684 1.109
380596 14.396 8.930 1.647 1.098
380596 13.861 8.957 1.685 1.107
380596 14.452 9.053 1.657 1.103
380596 13.722 8.908 1.656 1.104
380596 14.396 8.979 1.670 1.104
380596 13.802 8.896 1.671 1.103
380596 13.793 8.917 1.643 1.100
380596 13.774 8.927 1.629 1.098
380596 14.028 8.936 1.660 1.103
380596 14.141 8.987 1.661 1.105
380596 14.093 8.953 1.673 1.101
418656 13.735 8.868 1.650 1.105
418656 14.060 9.006 1.669 1.109
418656 14.288 9.001 1.686 1.100
418656 13.999 8.946 1.639 1.094
418656 13.016 8.808 1.522 1.088
418656 12.907 8.817 1.571 1.098
418656 14.085 8.880 1.665 1.111
418656 14.426 9.021 1.700 1.108
418656 14.205 8.944 1.699 1.111
418656 14.363 8.963 1.637 1.109
418656 14.083 8.948 1.679 1.107
460521 14.364 8.943 1.673 1.103
460521 13.930 8.936 1.682 1.103
460521 14.290 8.996 1.644 1.102
460521 14.278 8.957 1.681 1.105
460521 14.124 8.943 1.685 1.109
460521 14.474 8.980 1.693 1.109
460521 14.207 9.001 1.698 1.108
460521 14.215 8.962 1.680 1.111
460521 14.411 8.961 1.693 1.110
460521 14.441 9.001 1.667 1.102
460521 14.086 8.880 1.661 1.101
506573 14.166 8.878 1.606 1.099
506573 14.322 8.997 1.695 1.107
506573 14.242 8.995 1.700 1.110
506573 14.466 9.001 1.694 1.107
506573 14.139 8.949 1.636 1.100
506573 13.677 8.935 1.603 1.105
506573 14.280 8.966 1.646 1.098
506573 13.818 8.944 1.632 1.106
506573 14.110 8.971 1.626 1.098
506573 13.570 8.902 1.636 1.102
506573 14.110 8.944 1.669 1.106
557231 13.688 8.999 1.689 1.110
557231 14.263 9.025 1.701 1.112
557231 14.324 9.052 1.687 1.105
557231 14.236 8.987 1.685 1.112
557231 14.322 9.082 1.704 1.109
557231 14.023 8.999 1.680 1.106
557231 14.066 9.022 1.672 1.103
557231 14.155 9.006 1.676 1.107
557231 14.281 9.036 1.694 1.110
557231 14.345 9.022 1.677 1.110
557231 14.259 9.061 1.689 1.108
612954 14.451 9.004 1.697 1.111
612954 14.499 8.976 1.689 1.110
612954 14.476 9.020 1.708 1.113
612954 14.461 9.034 1.699 1.112
612954 14.205 9.017 1.700 1.104
612954 14.466 9.028 1.692 1.112
612954 14.246 9.081 1.676 1.107
612954 14.062 8.934 1.621 1.109
612954 14.484 9.004 1.698 1.112
612954 14.485 8.992 1.701 1.114
612954 14.419 9.012 1.667 1.107
674249 14.047 8.967 1.686 1.106
674249 13.919 8.968 1.678 1.106
674249 13.883 8.992 1.694 1.109
674249 14.397 8.985 1.683 1.107
674249 14.314 8.997 1.688 1.111
674249 14.498 9.074 1.698 1.112
674249 14.482 9.026 1.707 1.112
674249 14.187 9.033 1.708 1.111
674249 14.457 9.017 1.692 1.111
674249 14.493 9.039 1.697 1.106
674249 14.538 9.051 1.695 1.107
741674 14.046 8.990 1.642 1.104
741674 13.837 8.919 1.669 1.105
741674 14.197 8.967 1.674 1.107
741674 13.917 8.939 1.641 1.105
741674 14.507 9.012 1.705 1.110
741674 14.406 9.090 1.680 1.108
741674 14.009 8.864 1.633 1.106
741674 14.514 9.056 1.700 1.108
741674 13.897 8.953 1.657 1.105
741674 13.805 8.955 1.650 1.107
741674 13.698 8.980 1.623 1.104
815842 13.643 8.960 1.641 1.097
815842 13.683 8.924 1.645 1.100
815842 13.134 8.957 1.652 1.105
815842 14.246 9.033 1.676 1.112
815842 14.197 9.004 1.701 1.111
815842 14.546 9.013 1.705 1.109
815842 14.125 9.030 1.690 1.108
815842 14.400 9.011 1.688 1.110
815842 14.559 9.038 1.675 1.113
815842 14.559 9.003 1.700 1.112
815842 14.368 9.009 1.696 1.113
897426 14.586 9.017 1.692 1.114
897426 14.501 9.081 1.703 1.112
897426 14.213 9.022 1.648 1.104
897426 14.322 8.961 1.699 1.112
897426 14.506 9.033 1.708 1.110
897426 14.322 9.016 1.704 1.110
897426 14.538 9.010 1.697 1.112
897426 14.524 9.011 1.677 1.110
897426 14.539 9.003 1.682 1.105
897426 14.270 8.997 1.657 1.106
897426 14.147 8.963 1.674 1.107
987168 14.562 8.980 1.700 1.112
987168 14.288 8.983 1.693 1.111
987168 14.380 9.047 1.698 1.111
987168 14.452 8.961 1.686 1.112
987168 14.453 9.018 1.703 1.109
987168 14.203 8.990 1.681 1.107
987168 14.321 8.980 1.683 1.113
987168 14.478 9.019 1.661 1.108
987168 14.414 8.973 1.604 1.100
987168 14.179 8.945 1.642 1.099
987168 13.656 8.928 1.632 1.108
