9 45.592 24.889 44.672 25.326
9 45.571 25.316 44.682 25.539
9 45.566 25.298 44.690 25.466
9 45.661 25.246 44.716 25.545
9 45.695 25.311 44.726 25.539
9 45.635 25.231 44.637 25.531
9 45.632 25.277 44.701 25.525
9 45.710 24.858 44.684 25.523
9 45.688 25.173 44.664 25.281
9 45.657 25.315 44.719 25.518
9 45.662 24.964 44.565 25.523
10 45.788 25.080 44.838 25.529
10 45.821 25.198 44.870 25.549
10 45.814 25.164 45.002 25.539
10 45.847 25.306 45.011 25.539
10 45.793 24.700 44.908 25.421
10 45.841 25.047 44.689 25.532
10 45.844 25.307 44.785 25.464
10 45.812 25.048 45.043 25.542
10 45.800 25.260 44.774 25.501
10 45.841 25.203 44.749 25.506
10 45.860 25.333 44.666 25.550
11 45.908 25.353 44.713 25.539
11 45.929 25.352 44.721 25.532
11 45.929 25.360 44.672 25.545
11 45.852 25.337 44.644 25.542
11 45.937 25.355 44.700 25.545
11 45.905 25.352 44.650 25.549
11 45.931 25.356 44.698 25.492
11 45.877 25.349 44.723 25.547
11 45.922 25.347 44.617 25.536
11 45.924 25.199 44.772 25.535
11 45.906 25.283 44.668 25.542
12 46.120 25.377 43.675 25.434
12 46.032 25.161 43.691 25.286
12 46.035 25.374 43.806 25.026
12 45.969 25.345 43.433 25.389
12 46.031 25.378 43.429 25.431
12 46.036 25.224 43.596 25.191
12 46.107 25.327 43.403 25.130
12 46.039 25.219 43.497 25.266
12 46.012 25.274 43.744 25.325
12 46.041 25.036 43.413 25.384
12 46.035 25.119 43.435 25.174
13 46.169 25.275 43.971 25.417
13 46.162 25.391 44.008 25.241
13 46.186 25.271 44.002 25.207
13 46.170 25.386 43.878 25.245
13 46.159 25.231 43.984 25.301
13 46.175 25.302 43.958 25.183
13 46.177 25.378 43.928 25.311
13 46.170 25.350 43.956 25.338
13 46.171 25.339 43.954 25.217
13 46.175 25.248 43.862 25.331
13 46.139 25.376 43.954 25.448
14 46.279 25.317 44.115 25.294
14 46.296 25.383 44.123 25.293
14 46.291 25.389 44.097 25.337
14 46.295 25.319 44.124 25.330
14 46.276 25.303 44.116 25.247
14 46.288 25.385 44.104 25.419
14 46.292 25.200 44.092 25.283
14 46.296 25.404 44.107 25.284
14 46.294 25.396 43.981 25.452
14 46.313 25.393 44.099 25.305
14 46.198 25.377 44.112 25.455
16 46.462 25.339 43.945 25.336
16 46.446 25.426 43.927 25.329
16 46.448 25.417 43.846 25.139
16 46.429 25.390 43.898 25.428
16 46.452 25.395 43.846 25.327
16 46.427 25.256 43.938 25.138
16 46.451 25.329 43.915 25.317
16 46.465 25.335 43.918 25.292
16 46.449 25.384 43.845 25.370
16 46.446 25.411 43.914 25.363
16 46.409 25.384 43.934 25.283
17 46.544 25.345 44.246 25.421
17 46.511 25.252 44.189 25.427
17 46.531 25.319 44.198 25.284
17 46.481 25.033 44.252 25.434
17 46.527 25.427 44.253 25.340
17 46.523 25.412 44.254 25.337
17 46.498 25.388 44.229 25.462
17 46.528 24.957 44.252 24.356
17 46.523 25.410 44.251 25.462
17 46.511 25.424 44.233 25.406
17 46.526 25.406 44.222 25.395
19 46.634 25.447 44.518 25.475
19 46.624 24.785 43.018 21.802
19 46.635 25.290 44.483 25.330
19 46.625 24.756 43.923 22.703
19 46.640 24.931 43.659 24.177
19 46.612 24.811 41.468 24.920
19 46.549 25.444 44.019 25.370
19 46.574 24.782 43.227 23.992
19 46.508 25.373 43.935 24.138
19 46.613 25.177 44.376 25.337
19 46.615 25.441 43.866 25.389
21 46.539 24.768 44.072 24.522
21 46.735 25.162 44.169 24.184
21 46.699 25.138 44.553 23.275
21 46.730 25.445 44.692 25.250
21 46.753 25.429 43.969 23.590
21 46.736 25.117 44.035 24.346
21 46.714 25.447 44.493 25.292
21 46.710 25.389 44.663 25.353
21 46.725 25.222 43.997 25.065
21 46.765 24.917 44.017 21.557
21 46.507 25.457 44.695 25.482
23 46.755 24.809 43.777 22.943
23 46.702 25.117 44.216 22.678
23 46.650 25.444 44.250 21.803
23 46.612 25.428 44.017 23.874
23 46.736 25.342 44.215 20.982
23 46.786 25.397 44.223 21.714
23 46.682 25.451 43.996 23.306
23 46.760 24.902 44.049 23.959
23 46.731 25.349 44.187 22.709
23 46.588 25.416 43.994 25.434
23 46.751 25.450 44.168 24.288
25 46.654 25.099 44.028 23.922
25 46.616 25.089 44.084 22.237
25 46.482 25.036 44.293 22.634
25 46.630 24.912 44.137 21.727
25 46.497 25.146 44.069 23.598
25 46.484 25.145 43.939 25.479
25 46.446 25.174 44.126 20.712
25 46.510 25.336 43.931 21.681
25 46.761 25.474 44.194 23.016
25 46.551 24.778 44.038 20.890
25 46.819 25.293 44.128 22.113
28 46.709 25.231 43.688 20.767
28 46.515 24.876 44.072 21.213
28 46.799 24.849 43.877 21.135
28 46.649 24.969 43.998 22.374
28 46.487 24.844 44.011 21.216
28 46.691 24.960 44.045 21.083
28 46.381 25.070 44.021 22.386
28 45.938 24.990 43.791 22.539
28 46.698 25.212 43.886 22.276
28 46.568 24.943 43.804 22.760
28 46.671 24.948 43.712 21.313
30 46.812 24.885 44.160 22.084
30 46.642 25.128 43.893 22.663
30 46.557 24.827 43.956 21.074
30 46.678 24.929 44.185 22.655
30 46.620 24.920 44.199 22.172
30 46.550 24.909 44.028 21.879
30 45.878 24.861 44.169 21.461
30 46.512 24.967 44.296 22.360
30 46.667 25.119 43.985 23.110
30 46.746 24.821 44.079 21.291
30 46.644 25.045 43.845 23.026
33 44.258 24.049 26.097 14.612
33 43.900 24.210 26.175 12.142
33 44.110 24.406 26.096 13.553
33 44.429 24.157 26.101 13.047
33 44.129 24.479 26.108 15.098
33 44.104 24.176 26.436 12.689
33 44.465 23.908 26.223 11.660
33 44.233 24.224 26.393 15.671
33 44.143 24.475 25.989 15.049
33 44.081 24.468 26.116 11.804
33 44.260 23.728 26.270 11.427
37 38.460 23.210 12.352 4.992
37 38.315 22.671 11.662 5.859
37 38.632 23.142 11.540 5.747
37 38.150 23.325 12.243 6.006
37 38.395 22.653 11.430 4.412
37 38.669 23.148 12.001 4.353
37 38.406 22.929 11.432 4.847
37 38.525 23.078 12.132 5.872
37 38.478 22.733 11.503 4.837
37 38.364 23.298 11.978 5.393
37 38.226 22.788 11.792 4.311
40 37.961 22.695 11.078 4.229
40 38.365 22.692 10.949 4.234
40 38.347 22.669 11.060 4.251
40 38.272 22.618 10.916 4.245
40 38.151 22.652 11.229 4.247
40 38.129 22.696 11.069 4.244
40 38.247 22.690 11.118 4.243
40 38.461 22.662 11.472 4.249
40 38.133 22.689 11.118 4.237
40 38.310 22.665 11.118 4.236
40 38.089 22.633 11.004 4.234
44 38.215 22.663 10.998 4.238
44 38.307 22.665 10.883 4.227
44 38.542 22.694 11.152 4.242
44 38.381 22.619 10.978 4.243
44 38.238 22.675 11.059 4.218
44 38.054 22.629 10.856 4.229
44 38.063 22.651 10.959 4.224
44 38.346 22.699 11.167 4.242
44 38.334 22.668 11.437 4.243
44 38.187 22.694 11.063 4.238
44 38.203 22.672 11.133 4.230
49 38.327 22.698 11.061 4.230
49 38.305 22.701 10.953 4.230
49 38.386 22.652 11.273 4.239
49 38.205 22.661 10.863 4.229
49 38.386 22.704 11.069 4.236
49 38.503 22.652 11.164 4.242
49 38.277 22.697 11.045 4.227
49 38.179 22.652 10.919 4.217
49 38.353 22.685 11.045 4.238
49 38.380 22.651 10.916 4.240
49 38.327 22.689 11.160 4.250
54 38.279 22.694 11.084 4.239
54 38.376 22.705 11.123 4.231
54 38.468 22.700 10.986 4.239
54 38.139 22.663 10.931 4.232
54 38.676 22.689 11.061 4.240
54 38.218 22.699 10.991 4.234
54 38.348 22.702 11.029 4.240
54 38.221 22.680 11.017 4.239
54 38.325 22.653 11.006 4.244
54 38.363 22.658 11.153 4.236
54 38.449 22.686 11.333 4.239
59 38.555 22.704 10.998 4.234
59 38.306 22.683 10.939 4.220
59 38.472 22.701 11.071 4.242
59 38.415 22.696 11.087 4.236
59 38.482 22.705 11.145 4.238
59 38.265 22.706 10.894 4.221
59 38.338 22.678 10.998 4.236
59 38.411 22.671 11.223 4.244
59 38.482 22.691 11.171 4.238
59 38.391 22.708 11.122 4.236
59 38.285 22.653 11.056 4.236
65 38.426 22.710 10.912 4.229
65 38.479 22.701 10.865 4.231
65 38.541 22.708 11.096 4.237
65 38.335 22.654 11.038 4.233
65 38.509 22.691 11.154 4.235
65 38.416 22.698 11.145 4.234
65 38.235 22.708 10.902 4.227
65 38.376 22.682 11.128 4.235
65 38.156 22.711 10.956 4.225
65 38.501 22.700 10.906 4.229
65 38.765 22.681 11.051 4.245
72 38.353 22.692 11.147 4.231
72 38.287 22.709 10.938 4.231
72 38.389 22.696 11.025 4.231
72 38.424 22.705 11.103 4.231
72 38.349 22.710 11.015 4.234
72 38.450 22.711 11.053 4.237
72 38.254 22.710 10.882 4.219
72 38.646 22.686 11.298 4.241
72 38.205 22.687 10.922 4.224
72 38.426 22.661 11.057 4.234
72 38.369 22.705 10.907 4.227
79 38.318 22.706 10.982 4.224
79 38.595 22.687 11.018 4.235
79 38.098 22.700 11.038 4.227
79 38.317 22.650 11.152 4.238
79 38.226 22.708 11.076 4.228
79 38.183 22.706 10.837 4.211
79 38.092 22.683 10.854 4.215
79 38.463 22.672 11.163 4.235
79 38.412 22.711 11.176 4.233
79 38.072 22.712 10.840 4.217
79 38.200 22.664 11.075 4.230
87 38.257 22.709 11.058 4.234
87 38.113 22.712 10.709 4.215
87 38.321 22.666 11.114 4.230
87 38.210 22.702 11.053 4.223
87 38.312 22.712 10.982 4.225
87 38.304 22.685 11.070 4.231
87 38.108 22.696 11.016 4.216
87 38.190 22.693 11.097 4.233
87 38.313 22.701 10.926 4.226
87 38.218 22.711 10.904 4.223
87 38.163 22.702 10.976 4.222
95 38.211 22.703 11.139 4.235
95 38.232 22.676 10.937 4.205
95 38.277 22.704 11.068 4.231
95 38.216 22.691 10.942 4.221
95 38.141 22.702 10.821 4.215
95 38.165 22.712 11.019 4.227
95 38.246 22.686 10.977 4.220
95 38.025 22.709 10.743 4.210
95 38.355 22.705 11.056 4.228
95 38.065 22.709 10.987 4.222
95 38.380 22.715 11.017 4.231
105 38.235 22.696 10.852 4.216
105 38.277 22.699 10.915 4.213
105 38.384 22.675 11.154 4.237
105 38.176 22.665 11.047 4.233
105 38.183 22.712 10.926 4.214
105 38.188 22.716 10.865 4.220
105 35.087 22.610 8.835 4.178
105 37.972 22.705 10.932 4.224
105 38.077 22.668 10.957 4.215
105 38.247 22.709 10.981 4.229
105 38.242 22.700 11.017 4.231
115 38.026 22.680 10.859 4.220
115 38.178 22.689 11.088 4.233
115 38.024 22.695 10.738 4.204
115 38.059 22.701 10.945 4.220
115 38.308 22.686 10.988 4.226
115 37.862 22.702 10.807 4.212
115 38.140 22.711 11.058 4.232
115 38.231 22.681 10.978 4.225
115 38.245 22.706 10.930 4.221
115 38.112 22.681 10.936 4.218
115 38.255 22.708 10.898 4.224
127 38.027 22.696 10.874 4.209
127 38.140 22.695 10.868 4.215
127 34.459 22.546 8.123 4.045
127 38.085 22.709 10.918 4.225
127 38.178 22.687 10.868 4.218
127 37.948 22.696 10.919 4.216
127 38.326 22.717 10.983 4.226
127 37.938 22.681 10.862 4.207
127 38.097 22.714 10.884 4.213
127 38.129 22.691 10.957 4.222
127 38.254 22.689 10.844 4.210
140 38.211 22.687 10.831 4.214
140 34.319 22.108 8.164 3.852
140 34.537 22.226 8.252 3.913
140 38.095 22.674 10.845 4.204
140 37.978 22.695 10.911 4.220
140 38.064 22.716 10.878 4.212
140 38.171 22.703 10.798 4.188
140 37.950 22.691 10.760 4.210
140 34.280 21.972 7.976 3.762
140 38.171 22.686 10.754 4.208
140 38.227 22.713 10.812 4.214
154 38.020 22.696 10.873 4.213
154 35.169 22.513 8.667 4.129
154 37.964 22.684 10.855 4.212
154 34.945 22.205 8.470 3.826
154 38.161 22.689 10.855 4.212
154 37.873 22.697 10.806 4.215
154 37.967 22.686 10.821 4.201
154 35.350 22.510 8.695 4.111
154 34.942 22.077 8.473 3.834
154 37.996 22.715 10.807 4.184
154 38.095 22.707 10.769 4.206
169 38.048 22.654 10.853 4.195
169 34.934 22.070 8.389 3.798
169 37.878 22.695 10.820 4.209
169 35.209 22.165 8.616 3.835
169 38.069 22.647 10.869 4.218
169 34.076 21.805 8.033 3.590
169 37.964 22.694 10.807 4.204
169 34.399 22.428 8.151 4.076
169 35.395 22.532 8.790 4.099
169 37.946 22.698 10.818 4.214
169 35.325 22.503 8.792 4.131
186 37.888 22.664 10.880 4.192
186 35.711 22.493 8.994 4.085
186 38.049 22.710 10.900 4.217
186 38.039 22.710 10.830 4.211
186 36.440 22.527 9.343 4.122
186 35.655 22.569 8.994 4.117
186 33.729 21.889 7.591 3.695
186 35.451 22.333 8.735 3.971
186 35.262 22.206 8.643 3.849
186 35.386 22.197 8.806 3.914
186 36.307 22.535 9.346 4.112
204 32.551 21.800 7.166 3.647
204 32.655 21.479 7.254 3.435
204 33.725 21.931 7.715 3.757
204 33.386 21.903 7.580 3.661
204 33.655 21.870 7.861 3.645
204 33.762 22.194 7.741 3.883
204 33.594 22.027 7.659 3.755
204 38.094 22.714 10.910 4.218
204 38.057 22.665 10.928 4.219
204 35.582 22.126 8.962 3.875
204 35.444 22.436 9.084 4.074
225 33.156 21.398 7.343 3.418
225 33.339 22.192 7.306 3.897
225 36.008 22.224 9.229 3.923
225 33.675 21.821 7.573 3.619
225 31.742 21.607 6.381 3.556
225 34.099 22.248 7.965 3.907
225 33.707 21.837 7.632 3.658
225 32.318 21.812 7.048 3.616
225 35.938 22.368 9.184 4.004
225 35.199 22.010 8.707 3.750
225 33.603 21.737 7.716 3.586
247 31.967 21.401 6.633 3.406
247 32.525 21.444 7.074 3.450
247 33.818 21.881 7.795 3.678
247 32.551 21.536 7.091 3.486
247 34.962 22.074 8.275 3.798
247 31.009 21.127 6.179 3.323
247 32.765 21.782 7.122 3.660
247 30.797 21.263 6.084 3.384
247 33.288 22.030 7.435 3.789
247 34.298 21.845 8.082 3.666
247 30.586 20.930 6.043 3.203
272 29.647 20.979 5.625 3.261
272 31.424 21.344 6.361 3.404
272 32.362 21.526 6.736 3.510
272 31.138 21.119 6.208 3.300
272 31.295 21.250 6.353 3.375
272 32.476 21.595 6.907 3.547
272 30.801 21.157 6.145 3.340
272 31.747 21.458 6.479 3.469
272 31.548 21.510 6.457 3.535
272 32.305 21.185 6.741 3.322
272 31.925 21.160 6.635 3.293
299 30.191 20.775 5.866 3.123
299 29.744 20.762 5.634 3.118
299 30.137 20.965 5.869 3.251
299 29.707 20.606 5.636 3.104
299 29.616 20.740 5.580 3.152
299 29.943 20.696 5.736 3.116
299 30.003 20.989 5.810 3.245
299 30.006 20.716 5.735 3.118
299 29.045 20.483 5.393 3.028
299 29.238 20.691 5.450 3.120
299 30.715 21.003 6.112 3.212
329 29.919 20.725 5.795 3.137
329 28.613 20.412 5.139 2.995
329 29.021 20.313 5.372 2.964
329 29.927 20.492 5.697 3.037
329 28.431 20.120 5.146 2.904
329 28.767 20.304 5.295 2.966
329 29.393 20.277 5.475 2.971
329 28.716 20.446 5.218 3.021
329 30.563 20.793 6.017 3.160
329 30.128 20.712 5.808 3.139
329 28.946 20.423 5.364 3.013
362 29.760 20.545 5.668 3.060
362 28.269 20.151 5.120 2.909
362 28.272 20.262 5.115 2.941
362 28.877 20.206 5.314 2.936
362 28.151 20.234 5.053 2.928
362 28.226 20.158 5.083 2.909
362 27.642 19.841 4.860 2.804
362 29.781 20.573 5.658 3.069
362 28.978 20.388 5.361 2.999
362 28.003 20.089 4.989 2.888
362 28.880 20.313 5.330 2.967
398 27.667 19.894 4.869 2.831
398 27.595 19.920 4.867 2.836
398 27.725 19.821 4.862 2.805
398 28.233 19.985 5.086 2.859
398 28.346 20.048 5.092 2.880
398 28.216 20.108 5.083 2.891
398 27.669 19.860 4.870 2.815
398 28.149 20.113 5.065 2.896
398 28.287 20.017 5.057 2.873
398 28.107 19.943 5.030 2.849
398 27.705 20.038 4.871 2.877
438 27.663 19.786 4.860 2.796
438 27.578 19.791 4.862 2.794
438 27.688 19.793 4.867 2.797
438 27.645 19.780 4.860 2.794
438 28.267 19.994 5.066 2.855
438 28.162 19.966 5.042 2.850
438 27.674 19.781 4.862 2.798
438 27.639 19.830 4.865 2.804
438 28.171 19.930 5.040 2.838
438 27.611 19.783 4.863 2.794
438 28.156 19.943 5.038 2.844
482 27.684 19.756 4.864 2.793
482 27.677 19.773 4.864 2.789
482 27.686 19.774 4.864 2.794
482 27.680 19.797 4.864 2.797
482 27.702 19.778 4.864 2.792
482 28.189 19.933 5.049 2.847
482 27.683 19.788 4.864 2.793
482 27.699 19.809 4.868 2.798
482 27.688 19.781 4.865 2.794
482 27.695 19.780 4.863 2.795
482 27.666 19.767 4.865 2.794
530 27.676 19.775 4.864 2.794
530 27.648 19.746 4.863 2.788
530 27.676 19.786 4.864 2.794
530 27.617 19.797 4.864 2.796
530 27.638 19.779 4.865 2.794
530 27.656 19.778 4.864 2.790
530 27.725 19.772 4.864 2.793
530 27.669 19.782 4.864 2.795
530 27.688 19.779 4.862 2.789
530 27.644 19.783 4.864 2.795
530 27.691 19.780 4.864 2.794
583 27.663 19.766 4.868 2.795
583 27.721 19.777 4.865 2.793
583 27.669 19.774 4.866 2.793
583 27.688 19.785 4.866 2.795
583 27.657 19.792 4.866 2.796
583 27.730 19.763 4.867 2.794
583 27.693 19.796 4.866 2.796
583 27.672 19.780 4.865 2.794
583 27.665 19.773 4.867 2.795
583 27.724 19.783 4.867 2.795
583 27.677 19.768 4.868 2.796
641 27.723 19.789 4.865 2.795
641 27.683 19.786 4.865 2.794
641 27.687 19.807 4.865 2.795
641 27.674 19.773 4.864 2.795
641 27.716 19.797 4.864 2.794
641 27.689 19.785 4.865 2.795
641 27.726 19.792 4.863 2.795
641 27.689 19.779 4.865 2.796
641 27.714 19.784 4.864 2.792
641 27.597 19.785 4.865 2.795
641 27.668 19.805 4.864 2.796
706 27.686 19.777 4.865 2.794
706 27.686 19.786 4.865 2.795
706 28.057 19.916 4.989 2.833
706 27.666 19.781 4.864 2.795
706 27.702 19.778 4.864 2.793
706 27.667 19.791 4.864 2.797
706 27.674 19.786 4.865 2.793
706 27.704 19.781 4.865 2.794
706 27.657 19.775 4.862 2.794
706 27.697 19.776 4.863 2.796
706 27.715 19.774 4.865 2.794
776 27.693 19.808 4.865 2.797
776 27.698 19.793 4.864 2.796
776 27.705 19.797 4.865 2.795
776 27.700 19.797 4.864 2.795
776 27.690 19.771 4.865 2.795
776 27.712 19.768 4.865 2.793
776 27.656 19.794 4.864 2.793
776 27.727 19.792 4.865 2.794
776 27.705 19.789 4.863 2.795
776 27.703 19.753 4.865 2.790
776 27.731 19.782 4.864 2.794
854 27.715 19.777 4.863 2.794
854 27.683 19.773 4.864 2.793
854 27.705 19.761 4.865 2.787
854 27.602 19.782 4.865 2.797
854 27.694 19.762 4.866 2.793
854 27.679 19.794 4.865 2.794
854 27.700 19.783 4.866 2.795
854 27.708 19.783 4.863 2.794
854 27.655 19.778 4.865 2.793
854 27.694 19.794 4.866 2.795
854 27.699 19.786 4.864 2.792
939 27.709 19.795 4.867 2.795
939 27.708 19.785 4.866 2.795
939 27.718 19.781 4.868 2.795
939 27.693 19.784 4.865 2.795
939 27.719 19.767 4.867 2.790
939 27.696 19.783 4.868 2.796
939 27.693 19.790 4.865 2.794
939 27.707 19.790 4.868 2.795
939 27.660 19.787 4.868 2.795
939 27.732 19.763 4.868 2.788
939 27.710 19.780 4.867 2.794
1033 27.697 19.792 4.866 2.794
1033 27.694 19.776 4.866 2.793
1033 27.730 19.769 4.865 2.795
1033 27.697 19.788 4.867 2.796
1033 27.728 19.781 4.866 2.794
1033 27.724 19.783 4.864 2.796
1033 27.661 19.788 4.866 2.794
1033 27.699 19.776 4.865 2.794
1033 27.678 19.773 4.866 2.795
1033 27.703 19.779 4.865 2.793
1033 27.707 19.801 4.866 2.795
1136 27.672 19.790 4.865 2.796
1136 27.714 19.787 4.865 2.795
1136 27.689 19.795 4.866 2.794
1136 27.694 19.786 4.867 2.794
1136 27.702 19.783 4.865 2.792
1136 27.705 19.770 4.866 2.791
1136 27.681 19.773 4.863 2.792
1136 27.664 19.784 4.864 2.794
1136 27.715 19.782 4.864 2.793
1136 27.705 19.742 4.865 2.794
1136 27.651 19.774 4.864 2.795
1250 27.697 19.787 4.866 2.795
1250 27.748 19.789 4.867 2.795
1250 27.676 19.777 4.866 2.790
1250 27.689 19.758 4.867 2.794
1250 27.713 19.791 4.867 2.795
1250 27.714 19.790 4.866 2.793
1250 27.697 19.780 4.866 2.794
1250 27.721 19.785 4.863 2.796
1250 27.705 19.775 4.866 2.795
1250 27.686 19.788 4.866 2.793
1250 27.713 19.777 4.865 2.793
1375 27.699 19.786 4.868 2.795
1375 27.681 19.789 4.867 2.795
1375 27.677 19.776 4.867 2.792
1375 27.695 19.781 4.868 2.792
1375 27.704 19.789 4.867 2.794
1375 27.727 19.775 4.867 2.794
1375 27.747 19.788 4.866 2.795
1375 27.689 19.790 4.867 2.794
1375 27.697 19.782 4.868 2.794
1375 27.694 19.782 4.866 2.794
1375 27.705 19.800 4.868 2.795
1512 27.686 19.786 4.866 2.794
1512 27.646 19.778 4.866 2.793
1512 27.681 19.765 4.864 2.791
1512 27.707 19.787 4.866 2.791
1512 27.700 19.787 4.866 2.793
1512 27.680 19.786 4.864 2.795
1512 27.693 19.789 4.866 2.795
1512 27.682 19.775 4.865 2.792
1512 27.695 19.767 4.865 2.792
1512 27.679 19.797 4.864 2.796
1512 27.703 19.784 4.865 2.793
1664 27.686 19.791 4.867 2.796
1664 27.701 19.787 4.866 2.791
1664 27.691 19.763 4.866 2.791
1664 27.708 19.777 4.867 2.793
1664 27.687 19.767 4.865 2.793
1664 27.655 19.771 4.867 2.793
1664 27.687 19.793 4.866 2.794
1664 27.668 19.763 4.866 2.795
1664 27.697 19.790 4.867 2.794
1664 27.722 19.789 4.865 2.793
1664 27.693 19.788 4.866 2.793
1830 27.699 19.800 4.864 2.796
1830 27.689 19.789 4.867 2.792
1830 27.705 19.786 4.867 2.795
1830 27.696 19.796 4.866 2.795
1830 27.684 19.802 4.867 2.795
1830 27.688 19.807 4.866 2.796
1830 27.685 19.786 4.867 2.794
1830 27.712 19.792 4.865 2.794
1830 27.705 19.779 4.866 2.790
1830 27.715 19.797 4.867 2.795
1830 27.691 19.792 4.865 2.795
2013 27.690 19.792 4.867 2.794
2013 27.702 19.798 4.867 2.795
2013 27.690 19.761 4.867 2.792
2013 27.653 19.791 4.865 2.795
2013 27.667 19.781 4.867 2.793
2013 27.688 19.789 4.866 2.792
2013 27.705 19.787 4.865 2.793
2013 27.708 19.793 4.867 2.796
2013 27.697 19.799 4.867 2.795
2013 27.687 19.789 4.866 2.795
2013 27.660 19.785 4.867 2.794
2214 27.704 19.796 4.867 2.794
2214 27.684 19.767 4.867 2.795
2214 27.698 19.789 4.867 2.793
2214 27.702 19.785 4.867 2.791
2214 27.693 19.782 4.867 2.794
2214 27.674 19.791 4.865 2.794
2214 27.699 19.780 4.868 2.793
2214 27.711 19.787 4.867 2.792
2214 27.681 19.789 4.866 2.792
2214 27.686 19.799 4.867 2.795
2214 27.693 19.781 4.867 2.794
2436 27.656 19.785 4.881 2.793
2436 27.686 19.797 4.866 2.795
2436 27.701 19.791 4.867 2.792
2436 27.757 19.784 4.881 2.794
2436 27.675 19.804 4.865 2.795
2436 27.640 19.794 4.867 2.795
2436 27.678 19.782 4.867 2.793
2436 27.658 19.782 4.864 2.793
2436 27.737 19.789 4.881 2.793
2436 27.708 19.793 4.867 2.793
2436 27.698 19.777 4.867 2.794
2679 27.686 19.808 4.867 2.796
2679 27.729 19.776 4.881 2.794
2679 27.731 19.783 4.881 2.794
2679 27.683 19.791 4.867 2.795
2679 27.706 19.806 4.868 2.794
2679 27.744 19.786 4.880 2.794
2679 27.647 19.768 4.868 2.796
2679 27.652 19.800 4.865 2.795
2679 27.698 19.800 4.867 2.794
2679 27.645 19.804 4.868 2.796
2679 27.731 19.782 4.880 2.794
2947 27.737 19.772 4.880 2.794
2947 27.664 19.786 4.868 2.795
2947 27.674 19.789 4.866 2.794
2947 27.688 19.791 4.867 2.793
2947 27.698 19.807 4.867 2.794
2947 27.668 19.771 4.879 2.794
2947 27.688 19.784 4.867 2.795
2947 27.723 19.789 4.879 2.795
2947 27.666 19.805 4.867 2.795
2947 27.702 19.803 4.866 2.794
2947 27.737 19.777 4.879 2.794
3242 27.709 19.774 4.878 2.794
3242 27.730 19.795 4.877 2.795
3242 27.678 19.802 4.864 2.794
3242 27.684 19.792 4.866 2.795
3242 27.641 19.790 4.864 2.793
3242 27.673 19.800 4.864 2.795
3242 27.718 19.789 4.877 2.794
3242 27.717 19.781 4.876 2.792
3242 27.729 19.798 4.864 2.795
3242 27.733 19.786 4.878 2.793
3242 27.718 19.775 4.878 2.793
3566 27.691 19.767 4.865 2.794
3566 27.707 19.788 4.877 2.792
3566 27.741 19.784 4.874 2.793
3566 27.715 19.765 4.877 2.794
3566 27.753 19.787 4.876 2.794
3566 27.715 19.780 4.877 2.794
3566 27.693 19.777 4.866 2.794
3566 27.678 19.785 4.865 2.794
3566 27.713 19.790 4.877 2.793
3566 27.713 19.778 4.875 2.794
3566 27.666 19.776 4.877 2.795
3923 27.743 19.788 4.876 2.795
3923 27.723 19.788 4.876 2.794
3923 27.721 19.794 4.876 2.794
3923 27.715 19.787 4.874 2.795
3923 27.713 19.791 4.877 2.794
3923 27.755 19.781 4.876 2.794
3923 27.666 19.787 4.875 2.793
3923 27.655 19.762 4.863 2.793
3923 27.712 19.787 4.877 2.794
3923 27.662 19.793 4.877 2.794
3923 27.715 19.791 4.876 2.794
4315 27.723 19.792 4.876 2.793
4315 27.699 19.795 4.876 2.794
4315 27.712 19.790 4.875 2.795
4315 27.725 19.792 4.876 2.794
4315 27.723 19.794 4.876 2.794
4315 27.726 19.766 4.875 2.793
4315 27.712 19.785 4.875 2.794
4315 27.738 19.789 4.876 2.794
4315 27.739 19.789 4.876 2.795
4315 27.730 19.775 4.875 2.794
4315 27.687 19.771 4.875 2.791
4747 27.709 19.777 4.880 2.794
4747 27.703 19.781 4.874 2.794
4747 27.736 19.791 4.876 2.794
4747 27.675 19.795 4.875 2.794
4747 27.696 19.768 4.875 2.795
4747 27.727 19.786 4.873 2.793
4747 27.719 19.785 4.876 2.794
4747 27.697 19.789 4.876 2.795
4747 27.717 19.794 4.873 2.794
4747 27.749 19.772 4.882 2.792
4747 27.698 19.788 4.875 2.793
5221 27.642 19.786 4.871 2.793
5221 27.684 19.778 4.880 2.793
5221 27.733 19.777 4.880 2.793
5221 27.713 19.774 4.880 2.793
5221 27.730 19.782 4.873 2.793
5221 27.707 19.807 4.873 2.794
5221 27.741 19.788 4.881 2.794
5221 27.729 19.787 4.880 2.795
5221 27.706 19.791 4.881 2.794
5221 27.731 19.782 4.881 2.793
5221 27.718 19.793 4.880 2.794
5744 27.743 19.789 4.879 2.794
5744 27.697 19.787 4.879 2.794
5744 27.684 19.784 4.880 2.794
5744 27.704 19.781 4.879 2.793
5744 27.726 19.781 4.879 2.793
5744 27.725 19.788 4.880 2.794
5744 27.721 19.781 4.879 2.794
5744 27.717 19.778 4.880 2.793
5744 27.691 19.726 4.871 2.793
5744 27.719 19.794 4.879 2.795
5744 27.726 19.786 4.879 2.793
6318 27.721 19.792 4.878 2.795
6318 27.675 19.794 4.878 2.795
6318 27.747 19.787 4.884 2.794
6318 27.721 19.774 4.878 2.792
6318 27.719 19.789 4.879 2.794
6318 27.708 19.791 4.877 2.795
6318 27.693 19.794 4.879 2.794
6318 27.720 19.779 4.878 2.794
6318 27.686 19.782 4.877 2.794
6318 27.715 19.791 4.878 2.792
6318 27.704 19.783 4.878 2.794
6950 27.714 19.787 4.883 2.794
6950 27.717 19.793 4.874 2.794
6950 27.733 19.791 4.877 2.794
6950 27.745 19.783 4.883 2.794
6950 27.709 19.787 4.875 2.791
6950 27.705 19.786 4.881 2.793
6950 27.708 19.793 4.877 2.794
6950 27.717 19.784 4.876 2.794
6950 27.711 19.788 4.876 2.793
6950 27.724 19.792 4.877 2.793
6950 27.716 19.783 4.883 2.794
7645 27.739 19.788 4.880 2.794
7645 27.687 19.788 4.875 2.793
7645 27.756 19.774 4.881 2.794
7645 27.743 19.784 4.881 2.793
7645 27.743 19.780 4.881 2.793
7645 27.724 19.780 4.881 2.794
7645 27.747 19.725 4.881 2.794
7645 27.732 19.781 4.881 2.793
7645 27.709 19.787 4.875 2.794
7645 27.712 19.777 4.875 2.794
7645 27.749 19.782 4.881 2.794
8409 27.731 19.779 4.881 2.794
8409 27.753 19.782 4.885 2.794
8409 27.742 19.774 4.879 2.794
8409 27.696 19.775 4.880 2.791
8409 27.718 19.785 4.880 2.793
8409 27.704 19.745 4.880 2.794
8409 27.716 19.782 4.880 2.794
8409 27.726 19.789 4.880 2.794
8409 27.753 19.788 4.884 2.793
8409 27.727 19.775 4.878 2.794
8409 27.713 19.778 4.881 2.793
9250 27.731 19.779 4.883 2.794
9250 27.706 19.778 4.877 2.794
9250 27.750 19.780 4.883 2.794
9250 27.699 19.758 4.878 2.793
9250 27.727 19.754 4.883 2.793
9250 27.721 19.785 4.879 2.792
9250 27.742 19.787 4.883 2.793
9250 27.721 19.795 4.879 2.793
9250 27.750 19.719 4.881 2.794
9250 27.692 19.792 4.878 2.793
9250 27.787 19.764 4.883 2.794
10175 27.738 19.787 4.881 2.794
10175 27.718 19.783 4.881 2.790
10175 27.744 19.792 4.881 2.794
10175 27.658 19.790 4.881 2.794
10175 27.739 19.788 4.881 2.794
10175 27.754 19.786 4.881 2.793
10175 27.728 19.790 4.881 2.793
10175 27.725 19.779 4.881 2.794
10175 27.759 19.788 4.881 2.790
10175 27.718 19.783 4.881 2.791
10175 27.726 19.750 4.882 2.794
11193 27.680 19.785 4.880 2.793
11193 27.716 19.753 4.880 2.792
11193 27.706 19.788 4.884 2.793
11193 27.727 19.794 4.879 2.793
11193 27.756 19.764 4.884 2.791
11193 27.732 19.603 4.882 2.792
11193 27.744 19.775 4.882 2.793
11193 27.721 19.785 4.880 2.792
11193 27.720 19.786 4.884 2.793
11193 27.741 19.736 4.883 2.794
11193 27.748 19.789 4.882 2.793
12312 27.717 19.778 4.882 2.791
12312 27.726 19.786 4.882 2.794
12312 27.612 19.773 4.881 2.794
12312 27.724 19.777 4.882 2.793
12312 27.741 19.787 4.882 2.794
12312 27.743 19.783 4.881 2.794
12312 27.702 19.756 4.882 2.792
12312 27.734 19.788 4.882 2.793
12312 27.729 19.482 4.882 2.791
12312 27.706 19.787 4.881 2.791
12312 27.722 19.789 4.882 2.793
13543 27.624 19.765 4.879 2.776
13543 27.552 19.629 4.869 2.777
13543 27.676 19.762 4.884 2.791
13543 27.744 19.786 4.884 2.793
13543 27.562 19.737 4.873 2.763
13543 26.846 19.719 4.873 2.777
13543 27.564 19.642 4.868 2.771
13543 27.066 19.252 4.850 2.706
13543 27.579 19.484 4.879 2.788
13543 27.687 19.730 4.878 2.784
13543 27.743 19.765 4.883 2.793
14897 27.691 19.770 4.879 2.784
14897 27.699 19.767 4.881 2.782
14897 27.721 19.780 4.882 2.784
14897 27.693 19.304 4.882 2.771
14897 27.735 19.770 4.880 2.784
14897 27.718 19.716 4.885 2.786
14897 27.746 19.781 4.885 2.793
14897 27.497 19.727 4.879 2.749
14897 27.722 19.749 4.882 2.786
14897 27.413 19.686 4.879 2.784
14897 27.637 19.764 4.880 2.790
16387 27.293 19.399 4.881 2.710
16387 26.694 18.768 4.873 2.763
16387 25.842 19.588 4.871 2.753
16387 27.401 19.520 4.870 2.591
16387 27.206 18.812 4.871 2.641
16387 26.663 19.001 4.871 2.722
16387 27.410 19.224 4.867 2.695
16387 27.112 19.188 4.863 2.659
16387 27.230 19.405 4.859 2.699
16387 25.476 19.657 4.879 2.753
16387 27.297 19.417 4.876 2.723
18026 25.284 18.141 4.564 2.444
18026 27.063 19.334 4.868 2.684
18026 26.905 17.873 4.847 2.706
18026 26.519 19.019 4.860 2.597
18026 26.992 19.172 4.864 2.591
18026 26.693 19.002 4.852 2.643
18026 27.089 19.377 4.865 2.770
18026 27.268 19.540 4.861 2.674
18026 27.634 19.720 4.883 2.754
18026 24.010 18.955 4.781 2.646
18026 27.470 19.707 4.872 2.779
19829 27.008 19.385 4.863 2.577
19829 24.697 17.817 4.635 2.411
19829 26.455 15.960 4.849 2.694
19829 24.443 18.019 4.629 2.371
19829 27.122 19.444 4.855 2.611
19829 24.652 17.915 4.621 2.409
19829 23.206 16.092 4.855 2.711
19829 26.813 18.844 4.857 2.605
19829 26.990 19.351 4.837 2.518
19829 26.420 19.288 4.834 2.665
19829 24.573 16.766 4.462 2.281
21811 23.433 15.837 4.506 2.321
21811 23.952 15.363 4.693 2.300
21811 23.953 16.685 4.620 2.167
21811 21.655 15.727 4.297 2.067
21811 22.309 16.277 4.286 2.047
21811 19.429 14.974 4.267 2.121
21811 24.506 17.150 4.569 2.321
21811 24.021 18.381 4.671 2.400
21811 23.977 16.205 4.650 2.194
21811 22.065 16.581 4.335 2.075
21811 25.374 18.558 4.736 2.535
23993 17.681 11.309 4.040 1.728
23993 15.507 13.175 3.643 1.651
23993 18.062 13.211 3.691 1.684
23993 18.696 13.422 3.956 1.678
23993 19.089 13.582 4.070 1.688
23993 18.467 13.895 4.081 1.707
23993 17.926 13.717 4.120 1.734
23993 19.040 13.505 4.045 1.727
23993 18.545 13.429 3.937 1.618
23993 18.892 12.607 3.936 1.713
23993 18.729 13.375 4.020 1.716
26392 14.019 9.830 2.742 1.131
26392 14.169 8.305 2.721 1.185
26392 12.959 9.100 2.553 1.174
26392 13.964 8.754 2.437 1.187
26392 13.968 9.140 2.188 1.153
26392 13.136 9.185 2.699 1.196
26392 14.196 9.587 2.696 1.210
26392 12.700 9.635 2.861 1.188
26392 11.933 7.743 2.465 1.201
26392 12.533 9.473 2.798 1.181
26392 13.596 8.550 2.652 1.144
29031 11.051 7.595 1.946 0.936
29031 12.045 7.820 1.996 0.974
29031 12.125 8.019 1.969 0.978
29031 11.804 7.592 1.897 0.927
29031 11.988 8.051 1.918 0.986
29031 11.980 7.996 1.907 0.995
29031 12.144 7.849 1.931 0.984
29031 11.781 8.012 1.949 0.993
29031 10.555 7.525 1.758 0.908
29031 10.581 7.064 1.606 0.926
29031 10.591 7.129 1.570 0.895
31934 10.503 7.128 1.536 0.906
31934 10.916 7.404 1.600 0.894
31934 10.888 7.145 1.561 0.867
31934 10.802 7.107 1.540 0.863
31934 9.821 7.001 1.522 0.849
31934 9.817 7.019 1.546 0.909
31934 10.833 7.206 1.563 0.872
31934 10.889 7.225 1.573 0.876
31934 10.830 7.194 1.566 0.873
31934 11.022 7.458 1.584 0.906
31934 10.878 7.189 1.577 0.875
35127 10.153 6.896 1.386 0.831
35127 10.081 7.000 1.388 0.850
35127 10.263 7.106 1.396 0.857
35127 10.155 7.036 1.404 0.851
35127 9.906 7.072 1.407 0.836
35127 10.180 6.947 1.410 0.862
35127 10.304 7.094 1.413 0.856
35127 10.087 6.834 1.377 0.823
35127 10.110 7.049 1.414 0.839
35127 10.279 7.001 1.409 0.858
35127 10.242 7.082 1.413 0.861
38640 9.720 6.839 1.300 0.831
38640 9.668 6.870 1.294 0.833
38640 9.667 6.858 1.303 0.832
38640 9.713 6.856 1.277 0.833
38640 9.750 6.794 1.303 0.829
38640 9.710 6.850 1.300 0.834
38640 9.752 6.842 1.301 0.830
38640 9.584 6.866 1.292 0.833
38640 9.720 6.848 1.304 0.819
38640 9.638 6.772 1.243 0.820
38640 9.773 6.795 1.257 0.812
42504 9.257 6.660 1.212 0.813
42504 9.506 6.769 1.231 0.823
42504 9.540 6.749 1.226 0.821
42504 9.455 6.784 1.228 0.823
42504 9.571 6.868 1.241 0.829
42504 9.445 6.723 1.215 0.817
42504 9.427 6.774 1.228 0.821
42504 9.518 6.741 1.227 0.819
42504 9.356 6.756 1.213 0.808
42504 9.495 6.745 1.230 0.808
42504 9.546 6.853 1.245 0.837
46755 9.207 6.621 1.187 0.803
46755 9.073 6.605 1.183 0.808
46755 9.325 6.607 1.188 0.804
46755 9.314 6.646 1.190 0.808
46755 9.338 6.615 1.189 0.805
46755 9.391 6.760 1.199 0.824
46755 9.204 6.666 1.178 0.811
46755 9.257 6.617 1.188 0.805
46755 9.228 6.664 1.188 0.812
46755 9.259 6.617 1.181 0.806
46755 9.372 6.665 1.189 0.812
51430 9.266 6.680 1.169 0.812
51430 9.106 6.529 1.158 0.798
51430 9.250 6.680 1.167 0.811
51430 9.289 6.670 1.170 0.812
51430 9.292 6.675 1.169 0.811
51430 9.300 6.657 1.172 0.812
51430 9.217 6.545 1.157 0.784
51430 9.094 6.461 1.159 0.808
51430 9.188 6.675 1.169 0.812
51430 9.210 6.664 1.171 0.811
51430 8.846 6.509 1.150 0.800
56573 9.136 6.580 1.154 0.806
56573 9.189 6.680 1.165 0.812
56573 9.328 6.667 1.166 0.811
56573 9.221 6.681 1.165 0.812
56573 9.150 6.563 1.156 0.797
56573 9.160 6.566 1.157 0.799
56573 9.164 6.557 1.156 0.798
56573 9.158 6.572 1.158 0.800
56573 9.036 6.566 1.156 0.788
56573 9.135 6.629 1.164 0.812
56573 9.161 6.552 1.157 0.797
62230 9.186 6.529 1.158 0.811
62230 9.139 6.654 1.162 0.812
62230 9.159 6.604 1.152 0.801
62230 9.153 6.687 1.158 0.814
62230 9.196 6.697 1.160 0.814
62230 9.107 6.571 1.152 0.799
62230 9.198 6.589 1.152 0.800
62230 9.136 6.558 1.153 0.800
62230 9.250 6.691 1.161 0.813
62230 9.079 6.672 1.158 0.797
62230 9.118 6.594 1.159 0.810
68454 9.113 6.574 1.143 0.802
68454 9.131 6.673 1.160 0.814
68454 9.232 6.617 1.151 0.805
68454 9.171 6.576 1.146 0.798
68454 9.276 6.645 1.154 0.808
68454 9.135 6.623 1.153 0.808
68454 9.114 6.554 1.151 0.798
68454 9.162 6.632 1.155 0.802
68454 9.095 6.542 1.143 0.795
68454 9.087 6.629 1.156 0.812
68454 9.208 6.678 1.156 0.813
75299 9.134 6.512 1.154 0.798
75299 9.123 6.569 1.154 0.799
75299 9.169 6.586 1.151 0.802
75299 9.138 6.642 1.159 0.810
75299 9.100 6.580 1.153 0.800
75299 9.088 6.536 1.141 0.795
75299 9.141 6.660 1.159 0.811
75299 9.144 6.638 1.157 0.809
75299 9.187 6.657 1.157 0.811
75299 9.138 6.569 1.153 0.800
75299 9.208 6.671 1.158 0.814
82829 9.357 6.822 1.172 0.828
82829 9.336 6.870 1.175 0.844
82829 9.343 6.797 1.175 0.830
82829 9.432 7.015 1.187 0.846
82829 9.471 6.969 1.188 0.852
82829 9.458 6.924 1.182 0.844
82829 9.242 6.798 1.168 0.827
82829 9.377 6.815 1.175 0.831
82829 9.284 6.813 1.171 0.829
82829 9.291 6.789 1.172 0.824
82829 9.162 6.722 1.167 0.821
91112 9.501 7.099 1.195 0.869
91112 9.568 7.099 1.199 0.865
91112 9.523 7.108 1.200 0.869
91112 9.502 7.088 1.199 0.866
91112 9.530 7.100 1.199 0.867
91112 9.499 7.109 1.180 0.861
91112 9.567 7.132 1.200 0.869
91112 9.508 7.082 1.199 0.864
91112 9.474 7.116 1.197 0.868
91112 9.615 7.290 1.199 0.882
91112 9.563 6.920 1.189 0.880
100223 9.672 7.322 1.224 0.896
100223 9.776 7.415 1.231 0.909
100223 9.767 7.351 1.224 0.896
100223 9.776 7.427 1.230 0.910
100223 9.759 7.332 1.223 0.894
100223 9.843 7.340 1.227 0.909
100223 9.685 7.310 1.220 0.891
100223 9.581 7.333 1.219 0.896
100223 9.650 7.311 1.223 0.896
100223 9.789 7.423 1.230 0.908
100223 9.721 7.338 1.223 0.895
110245 9.967 7.526 1.246 0.920
110245 9.894 7.527 1.246 0.919
110245 9.925 7.543 1.246 0.921
110245 9.908 7.526 1.246 0.919
110245 9.801 7.530 1.246 0.920
110245 9.974 7.513 1.243 0.919
110245 9.931 7.530 1.246 0.921
110245 9.879 7.510 1.246 0.919
110245 9.943 7.489 1.244 0.920
110245 9.961 7.536 1.244 0.920
110245 10.009 7.545 1.246 0.917
121270 10.136 7.727 1.267 0.943
121270 10.174 7.736 1.267 0.945
121270 9.977 7.660 1.264 0.944
121270 10.099 7.742 1.268 0.946
121270 10.164 7.722 1.268 0.945
121270 10.095 7.743 1.267 0.942
121270 10.060 7.687 1.266 0.944
121270 10.098 7.722 1.267 0.945
121270 10.120 7.718 1.267 0.945
121270 10.073 7.727 1.268 0.945
121270 10.055 7.692 1.266 0.940
133397 10.282 7.875 1.283 0.951
133397 10.215 7.858 1.286 0.962
133397 10.321 7.876 1.287 0.962
133397 10.302 7.870 1.284 0.957
133397 10.271 7.876 1.287 0.964
133397 10.298 7.863 1.285 0.957
133397 10.251 7.867 1.286 0.964
133397 9.996 7.791 1.288 0.964
133397 10.284 7.889 1.286 0.963
133397 10.253 7.840 1.286 0.963
133397 10.306 7.851 1.287 0.953
146736 10.395 7.978 1.303 0.978
146736 10.340 8.003 1.305 0.977
146736 10.407 7.960 1.303 0.971
146736 10.358 7.915 1.299 0.978
146736 10.436 8.020 1.303 0.962
146736 10.162 7.806 1.284 0.954
146736 10.165 7.872 1.292 0.963
146736 10.398 7.982 1.301 0.978
146736 10.484 7.999 1.305 0.979
146736 10.469 7.982 1.305 0.979
146736 10.375 7.999 1.303 0.978
161410 10.553 8.127 1.320 0.994
161410 10.570 8.133 1.322 0.994
161410 10.448 8.079 1.315 0.990
161410 10.514 8.062 1.315 0.985
161410 10.553 8.132 1.321 0.995
161410 10.626 8.133 1.322 0.994
161410 10.505 8.110 1.315 0.985
161410 10.048 8.018 1.304 0.994
161410 10.513 8.125 1.321 0.993
161410 10.514 8.125 1.319 0.994
161410 10.529 8.141 1.321 0.995
177551 10.644 8.228 1.336 1.006
177551 10.710 8.244 1.336 1.010
177551 10.708 8.255 1.338 1.007
177551 10.777 8.217 1.338 1.010
177551 10.655 8.241 1.338 1.009
177551 10.672 8.211 1.333 1.000
177551 10.624 8.188 1.336 0.999
177551 10.492 8.178 1.327 0.994
177551 10.454 8.156 1.330 0.999
177551 10.698 8.098 1.330 1.002
177551 10.637 8.237 1.338 1.007
195306 10.793 8.343 1.352 1.020
195306 10.765 8.337 1.353 1.020
195306 10.817 8.337 1.350 1.019
195306 10.733 8.336 1.352 1.019
195306 10.892 8.309 1.352 1.022
195306 10.853 8.322 1.352 1.019
195306 10.716 8.337 1.352 1.015
195306 10.621 8.202 1.343 1.020
195306 10.746 8.331 1.352 1.021
195306 10.848 8.326 1.352 1.017
195306 10.725 8.338 1.353 1.022
214837 10.901 8.424 1.365 1.032
214837 10.872 8.447 1.366 1.032
214837 10.853 8.440 1.365 1.032
214837 10.971 8.434 1.366 1.034
214837 10.924 8.444 1.366 1.032
214837 10.854 8.437 1.363 1.017
214837 10.753 8.325 1.360 1.032
214837 10.916 8.433 1.365 1.033
214837 10.834 8.441 1.366 1.032
214837 10.973 8.444 1.367 1.029
214837 10.892 8.439 1.366 1.025
236320 10.804 8.410 1.377 1.041
236320 11.027 8.537 1.378 1.041
236320 11.017 8.498 1.376 1.037
236320 10.962 8.515 1.377 1.039
236320 11.002 8.506 1.376 1.038
236320 10.991 8.499 1.376 1.039
236320 11.038 8.469 1.377 1.039
236320 10.949 8.487 1.376 1.038
236320 10.932 8.489 1.377 1.039
236320 10.943 8.464 1.376 1.041
236320 11.050 8.528 1.377 1.043
259952 11.004 8.606 1.387 1.053
259952 11.133 8.618 1.388 1.043
259952 11.142 8.613 1.389 1.052
259952 11.033 8.585 1.391 1.053
259952 10.956 8.598 1.391 1.053
259952 11.084 8.610 1.391 1.053
259952 11.085 8.613 1.389 1.053
259952 11.081 8.601 1.391 1.053
259952 11.171 8.566 1.390 1.052
259952 11.102 8.604 1.390 1.053
259952 11.086 8.603 1.389 1.053
285947 11.163 8.678 1.401 1.061
285947 11.106 8.688 1.401 1.062
285947 11.182 8.679 1.401 1.062
285947 11.229 8.655 1.399 1.060
285947 11.076 8.618 1.402 1.062
285947 11.117 8.679 1.401 1.059
285947 11.192 8.691 1.401 1.062
285947 11.159 8.683 1.402 1.062
285947 11.192 8.684 1.394 1.061
285947 11.235 8.685 1.401 1.061
285947 11.066 8.690 1.402 1.063
314542 11.241 8.719 1.412 1.068
314542 11.179 8.744 1.410 1.069
314542 11.284 8.749 1.411 1.069
314542 11.283 8.749 1.411 1.068
314542 11.249 8.752 1.411 1.068
314542 11.157 8.733 1.410 1.069
314542 11.308 8.754 1.412 1.069
314542 11.345 8.700 1.411 1.069
314542 11.259 8.741 1.412 1.069
314542 11.256 8.737 1.411 1.069
314542 11.260 8.737 1.410 1.069
345996 11.325 8.814 1.417 1.074
345996 11.348 8.801 1.418 1.074
345996 11.317 8.783 1.416 1.073
345996 11.349 8.793 1.419 1.076
345996 11.403 8.812 1.420 1.077
345996 11.340 8.797 1.420 1.077
345996 11.434 8.802 1.421 1.077
345996 11.338 8.811 1.417 1.067
345996 11.290 8.752 1.404 1.061
345996 11.215 8.742 1.415 1.073
345996 11.148 8.757 1.415 1.076
380596 11.359 8.864 1.429 1.082
380596 11.449 8.851 1.429 1.083
380596 11.394 8.861 1.428 1.082
380596 11.456 8.861 1.426 1.080
380596 11.435 8.864 1.428 1.082
380596 11.302 8.857 1.428 1.082
380596 11.365 8.839 1.430 1.081
380596 11.184 8.789 1.425 1.084
380596 11.491 8.870 1.428 1.081
380596 11.408 8.865 1.425 1.084
380596 11.420 8.828 1.424 1.081
418656 11.447 8.913 1.436 1.089
418656 11.498 8.918 1.437 1.088
418656 11.495 8.911 1.436 1.089
418656 11.493 8.918 1.436 1.089
418656 11.407 8.914 1.436 1.091
418656 11.448 8.913 1.437 1.090
418656 11.512 8.923 1.437 1.090
418656 11.518 8.906 1.435 1.088
418656 11.405 8.921 1.437 1.090
418656 11.533 8.911 1.436 1.089
418656 11.475 8.933 1.437 1.090
460521 11.493 8.960 1.444 1.094
460521 11.567 8.963 1.444 1.093
460521 11.572 8.959 1.444 1.094
460521 11.486 8.964 1.444 1.093
460521 11.550 8.954 1.445 1.094
460521 11.463 8.954 1.444 1.094
460521 11.513 8.955 1.444 1.093
460521 11.543 8.956 1.444 1.094
460521 11.567 8.966 1.443 1.094
460521 11.524 8.943 1.443 1.093
460521 11.582 8.957 1.444 1.093
506573 11.633 9.017 1.450 1.100
506573 11.528 9.011 1.451 1.100
506573 11.579 9.019 1.449 1.101
506573 11.467 8.997 1.449 1.100
506573 11.537 9.019 1.449 1.099
506573 11.555 9.005 1.445 1.099
506573 11.626 9.017 1.450 1.097
506573 11.522 9.009 1.450 1.100
506573 11.626 9.015 1.447 1.101
506573 11.608 9.016 1.449 1.099
506573 11.580 9.016 1.451 1.101
557231 11.651 9.059 1.456 1.098
557231 11.505 9.011 1.449 1.106
557231 11.664 9.065 1.455 1.104
557231 11.602 9.050 1.457 1.106
557231 11.644 9.063 1.457 1.105
557231 11.657 9.063 1.456 1.105
557231 11.606 9.052 1.455 1.106
557231 11.556 9.057 1.455 1.106
557231 11.663 9.049 1.456 1.106
557231 11.706 9.068 1.456 1.106
557231 11.696 9.063 1.457 1.105
612954 11.745 9.114 1.462 1.109
612954 11.565 9.087 1.461 1.109
612954 11.707 9.099 1.459 1.110
612954 11.614 9.090 1.462 1.109
612954 11.680 9.099 1.462 1.109
612954 11.732 9.089 1.461 1.110
612954 11.671 9.096 1.461 1.111
612954 11.704 9.085 1.463 1.109
612954 11.650 9.102 1.462 1.110
612954 11.621 9.101 1.461 1.110
612954 11.700 9.076 1.461 1.110
674249 11.583 9.116 1.466 1.112
674249 11.779 9.118 1.466 1.114
674249 11.726 9.070 1.467 1.112
674249 11.761 9.122 1.467 1.114
674249 11.725 9.122 1.466 1.113
674249 11.673 9.121 1.467 1.114
674249 11.804 9.128 1.466 1.113
674249 11.719 9.125 1.466 1.114
674249 11.801 9.124 1.468 1.112
674249 11.645 9.126 1.466 1.114
674249 11.680 9.126 1.468 1.112
741674 11.849 9.153 1.471 1.118
741674 11.828 9.115 1.472 1.116
741674 11.762 9.157 1.470 1.118
741674 11.759 9.138 1.471 1.115
741674 11.765 9.156 1.468 1.115
741674 11.720 9.158 1.472 1.117
741674 11.780 9.154 1.470 1.117
741674 11.807 9.148 1.472 1.117
741674 11.766 9.157 1.469 1.117
741674 11.685 9.111 1.471 1.116
741674 11.743 9.159 1.471 1.116
815842 11.688 9.171 1.476 1.119
815842 11.822 9.191 1.474 1.119
815842 11.851 9.173 1.475 1.119
815842 11.881 9.182 1.474 1.120
815842 11.779 9.156 1.473 1.121
815842 11.854 9.178 1.474 1.120
815842 11.855 9.159 1.475 1.120
815842 11.835 9.159 1.475 1.121
815842 11.836 9.166 1.475 1.120
815842 11.762 9.177 1.476 1.120
815842 11.825 9.174 1.472 1.118
897426 11.832 9.201 1.478 1.123
897426 11.877 9.189 1.479 1.121
897426 11.877 9.191 1.480 1.122
897426 11.895 9.194 1.481 1.121
897426 11.897 9.205 1.479 1.122
897426 11.847 9.191 1.478 1.122
897426 11.819 9.201 1.480 1.121
897426 11.866 9.202 1.478 1.122
897426 11.797 9.203 1.480 1.123
897426 11.842 9.187 1.480 1.121
897426 11.790 9.194 1.479 1.122
987168 11.872 9.202 1.483 1.124
987168 11.905 9.212 1.483 1.125
987168 11.867 9.208 1.482 1.124
987168 11.821 9.227 1.483 1.125
987168 11.807 9.212 1.483 1.125
987168 11.867 9.226 1.480 1.124
987168 11.782 9.173 1.479 1.124
987168 11.935 9.214 1.482 1.125
987168 11.811 9.215 1.477 1.124
987168 11.858 9.223 1.483 1.125
987168 11.843 9.210 1.481 1.124
