9 40.282 21.881 38.295 22.235
9 40.793 22.094 38.511 22.418
9 39.111 21.645 39.383 22.040
9 40.285 21.957 37.060 19.060
9 36.134 21.433 32.789 18.943
9 40.391 21.666 38.675 22.242
9 40.458 21.940 38.517 22.306
9 39.663 21.636 38.639 0.000
9 34.823 18.285 38.185 20.594
9 35.473 21.423 39.564 21.979
9 40.380 21.686 37.797 22.068
10 39.659 21.771 37.772 22.264
10 40.230 21.125 32.641 18.739
10 39.307 19.843 35.463 20.969
10 38.521 21.781 38.748 22.012
10 40.118 21.462 38.690 22.187
10 39.316 21.959 38.723 21.788
10 40.234 21.725 38.939 22.191
10 39.288 22.228 38.392 22.050
10 40.383 21.666 38.540 22.509
10 39.064 22.208 39.103 21.587
10 40.368 21.460 37.943 18.115
11 37.960 21.542 31.461 19.020
11 39.551 21.822 39.194 22.166
11 39.861 20.876 35.555 18.486
11 38.452 19.589 28.763 21.260
11 40.511 21.826 39.193 22.227
11 39.792 22.226 38.263 22.305
11 40.114 21.871 38.894 21.758
11 40.744 22.361 37.836 19.741
11 38.572 21.709 39.277 22.180
11 40.039 22.357 38.314 21.999
11 39.563 22.365 39.506 22.134
12 40.900 21.989 38.259 22.385
12 39.780 22.072 38.488 21.943
12 40.404 22.057 38.022 22.051
12 39.144 22.476 38.780 21.806
12 39.637 19.466 30.525 21.996
12 36.389 20.148 34.685 22.537
12 0.000 22.265 39.140 22.247
12 40.803 22.266 37.637 21.882
12 41.271 22.002 38.256 21.750
12 39.149 19.038 31.659 20.755
12 35.053 16.335 33.101 21.589
13 39.644 21.215 38.403 21.892
13 37.415 21.770 37.125 21.958
13 39.470 22.030 37.887 21.562
13 40.537 21.938 36.981 22.374
13 39.359 21.537 37.844 21.694
13 40.617 21.594 38.503 22.359
13 40.027 22.216 39.009 21.468
13 34.832 22.211 38.635 22.435
13 39.960 22.229 38.309 22.102
13 40.712 21.810 38.763 22.275
13 38.595 18.858 36.543 22.010
14 40.070 21.974 38.417 21.639
14 39.172 22.240 37.429 22.342
14 41.241 21.999 38.750 22.186
14 40.725 22.636 37.890 22.320
14 41.368 21.231 37.342 22.254
14 41.112 22.416 38.041 22.451
14 41.364 21.967 39.195 21.573
14 40.868 22.610 37.961 22.296
14 41.400 22.288 38.965 22.053
14 40.848 22.274 37.496 22.591
14 40.854 21.978 39.029 22.261
16 41.005 22.579 38.393 22.682
16 40.944 22.196 39.933 22.176
16 41.683 22.587 38.353 22.532
16 40.597 22.031 36.693 17.980
16 41.733 22.083 39.540 22.546
16 0.000 22.459 39.318 20.690
16 37.296 22.167 36.318 20.835
16 39.261 22.121 38.695 21.909
16 39.840 21.299 37.898 21.820
16 39.756 21.590 34.227 18.268
16 40.045 19.890 33.140 18.880
17 40.431 21.912 38.106 22.130
17 40.148 22.079 38.942 21.537
17 40.922 21.828 38.567 22.230
17 39.961 22.097 38.911 21.572
17 40.840 21.865 39.009 22.320
17 38.976 22.280 39.112 21.726
17 40.205 21.433 38.846 22.136
17 40.199 22.225 39.111 22.144
17 40.959 21.554 38.856 22.379
17 39.226 22.292 39.106 21.868
17 41.293 22.151 39.280 21.887
19 41.090 22.265 38.260 22.104
19 41.259 21.619 39.438 22.153
19 40.693 21.918 38.257 20.831
19 41.331 21.960 39.239 21.393
19 41.058 22.258 37.658 21.007
19 41.357 21.932 39.465 20.674
19 40.860 22.415 38.343 21.755
19 41.128 21.976 38.581 18.773
19 40.869 22.158 37.995 18.898
19 40.074 21.671 38.631 18.642
19 40.781 22.047 38.489 19.527
21 32.274 21.553 33.494 16.495
21 39.009 22.135 38.338 19.107
21 40.789 21.755 39.004 20.341
21 39.868 22.239 37.753 0.000
21 37.309 18.380 37.682 17.751
21 35.773 20.583 38.866 20.960
21 40.832 22.264 37.192 20.155
21 40.478 21.379 38.580 19.737
21 38.043 20.253 31.326 19.107
21 38.620 17.422 34.493 20.395
21 39.788 21.651 38.847 18.668
23 40.404 21.566 37.268 18.966
23 40.183 21.830 37.916 19.887
23 40.455 21.681 38.797 18.953
23 39.419 22.271 38.340 21.036
23 35.297 21.838 38.944 19.852
23 41.676 21.852 38.283 19.463
23 35.820 18.451 37.947 19.098
23 34.915 19.260 38.053 21.255
23 41.805 22.152 37.338 20.187
23 33.554 19.823 37.813 15.402
23 37.081 21.427 38.703 20.297
25 41.719 22.107 37.955 21.368
25 41.351 21.675 39.069 19.470
25 41.134 21.631 38.277 19.309
25 30.819 21.739 38.581 20.411
25 40.663 21.551 39.320 19.025
25 41.537 22.037 37.810 19.783
25 41.612 22.122 38.543 21.010
25 41.906 22.286 38.486 20.069
25 40.345 22.126 39.020 20.376
25 41.230 22.613 38.663 22.200
25 39.310 19.558 32.394 18.575
28 36.406 16.522 39.316 18.999
28 40.987 21.602 39.370 20.013
28 40.337 21.588 38.694 20.002
28 41.022 21.843 39.319 18.839
28 36.666 18.578 37.382 18.266
28 34.077 20.103 39.410 20.288
28 40.452 21.966 39.594 20.315
28 39.084 21.949 38.618 18.872
28 42.000 21.785 37.665 19.068
28 41.818 22.313 37.502 18.479
28 40.478 21.718 39.259 19.298
30 41.952 22.007 38.529 19.483
30 41.912 22.194 38.649 20.439
30 41.242 21.887 39.287 18.998
30 41.634 22.345 37.574 19.176
30 39.703 22.035 38.657 19.864
30 41.362 21.883 39.021 19.816
30 40.571 22.045 39.032 19.509
30 41.708 21.770 38.722 19.203
30 41.757 21.875 37.956 19.563
30 40.267 21.946 39.315 18.135
30 41.561 21.983 38.474 20.338
33 37.883 21.468 27.143 11.634
33 38.253 21.636 24.579 13.283
33 38.867 21.721 25.043 13.155
33 39.128 21.576 24.584 13.329
33 39.294 21.861 23.307 13.006
33 38.666 21.161 23.381 12.357
33 39.235 21.015 25.884 11.502
33 38.695 21.378 23.653 12.672
33 38.066 21.182 22.547 11.679
33 39.026 21.214 24.515 11.401
33 37.768 21.051 25.229 10.416
37 32.521 18.800 8.530 4.964
37 32.411 20.324 10.050 5.262
37 33.822 20.649 10.300 4.626
37 34.411 20.112 11.024 5.217
37 34.105 20.572 10.559 5.219
37 34.318 20.658 9.939 4.544
37 33.821 20.164 10.411 5.086
37 34.117 19.941 13.547 5.205
37 34.024 20.477 12.407 4.455
37 33.410 16.215 9.878 4.636
37 31.792 18.769 8.221 4.706
40 32.562 20.030 9.775 3.599
40 31.840 18.262 9.074 3.732
40 32.592 20.024 9.490 3.714
40 33.557 19.951 9.707 3.476
40 28.177 15.985 9.804 3.323
40 24.606 20.012 9.562 3.725
40 33.019 20.070 9.588 3.677
40 25.708 19.824 9.824 3.742
40 33.278 19.930 9.248 3.288
40 32.924 20.065 9.702 3.676
40 32.920 19.482 8.789 3.530
44 32.313 19.260 9.447 3.633
44 33.123 19.729 9.657 3.755
44 33.578 20.083 9.822 3.748
44 33.745 16.310 9.942 3.772
44 34.110 20.029 9.820 3.763
44 32.799 20.410 9.628 3.762
44 33.647 20.325 9.755 3.759
44 34.117 20.114 9.859 3.749
44 32.667 20.126 9.908 3.783
44 33.973 19.778 9.601 3.565
44 28.407 17.357 9.277 3.697
49 33.626 20.174 9.870 3.751
49 32.902 20.272 9.781 3.721
49 32.230 19.953 9.689 3.706
49 33.397 19.745 9.874 3.766
49 34.023 19.368 8.511 3.195
49 30.620 19.026 8.482 3.249
49 30.183 15.020 7.825 3.594
49 33.132 19.655 9.443 3.617
49 33.414 19.966 9.853 3.635
49 32.274 19.764 9.557 3.737
49 33.266 19.478 9.573 3.716
54 34.125 20.371 9.837 3.664
54 32.786 19.997 9.970 3.670
54 33.465 20.049 9.846 3.770
54 33.877 20.087 9.792 3.775
54 34.664 20.091 10.062 3.770
54 34.614 20.350 9.938 3.687
54 32.673 20.038 9.837 3.769
54 34.104 19.851 9.672 3.699
54 33.930 20.218 10.021 3.746
54 32.926 20.045 9.983 3.798
54 33.251 20.131 9.728 3.761
59 33.747 20.160 9.439 3.724
59 33.992 19.523 9.739 3.723
59 32.716 19.730 9.843 3.704
59 34.134 19.839 9.750 3.746
59 34.204 20.217 9.866 3.710
59 33.182 19.751 9.912 3.548
59 32.671 20.181 9.837 3.718
59 32.369 19.700 9.402 3.696
59 34.058 20.038 9.696 3.761
59 33.779 20.204 9.343 3.790
59 34.183 20.496 9.949 3.766
65 33.958 20.291 9.958 3.752
65 34.479 20.094 9.678 3.742
65 33.776 19.776 9.667 3.738
65 34.186 20.009 9.400 3.672
65 33.461 20.151 9.795 3.680
65 33.126 19.537 9.648 3.740
65 32.787 19.998 9.537 3.681
65 34.211 20.077 9.675 3.720
65 34.173 19.949 9.742 3.712
65 33.786 19.737 9.388 3.688
65 33.778 19.722 9.393 3.694
72 33.420 20.311 9.696 3.695
72 32.677 20.139 9.732 3.741
72 33.916 19.943 9.824 3.740
72 33.690 19.684 9.487 3.704
72 34.245 19.498 9.848 3.714
72 32.494 19.835 9.319 3.713
72 33.615 19.883 9.795 3.737
72 32.959 18.839 9.974 3.706
72 34.522 20.077 9.902 3.672
72 34.425 19.877 9.865 3.777
72 34.076 19.983 9.497 3.744
79 34.209 17.431 9.682 3.768
79 32.447 20.526 9.932 3.784
79 34.586 20.088 9.948 3.752
79 33.955 20.005 9.588 3.634
79 33.626 20.022 9.724 3.640
79 33.627 19.974 9.718 3.727
79 33.680 20.008 9.888 3.731
79 33.152 20.063 9.652 3.705
79 33.461 19.822 9.682 3.713
79 33.627 19.822 9.787 3.746
79 33.789 19.847 9.570 3.738
87 34.047 20.294 9.635 3.693
87 31.183 19.653 9.429 3.723
87 33.326 20.168 9.611 3.629
87 33.652 20.003 9.789 3.682
87 33.321 19.401 9.687 3.723
87 33.754 20.093 9.663 3.733
87 33.870 18.577 9.768 3.691
87 31.842 19.562 9.821 3.675
87 31.644 19.660 9.779 3.730
87 33.479 19.784 9.756 3.673
87 33.533 19.719 9.726 3.730
95 34.038 19.738 9.783 3.674
95 32.702 19.492 9.313 3.724
95 34.045 20.047 9.699 3.647
95 33.252 20.051 9.717 3.728
95 33.477 19.880 9.587 3.723
95 33.926 19.921 9.697 3.731
95 34.290 19.878 9.587 3.709
95 33.648 20.005 9.660 3.706
95 34.177 20.249 9.705 3.707
95 32.948 20.352 9.585 3.731
95 33.809 19.962 9.712 3.736
105 33.343 19.651 9.440 3.661
105 33.493 20.016 9.660 3.710
105 31.951 18.952 9.169 3.680
105 33.644 20.415 9.513 3.752
105 33.194 20.519 9.804 3.719
105 32.642 20.365 9.694 3.758
105 34.341 19.945 9.800 3.669
105 34.362 19.985 9.780 3.714
105 34.550 20.180 9.654 3.761
105 33.375 20.154 9.570 3.654
105 33.370 20.219 9.623 3.534
115 32.908 19.388 9.324 3.714
115 33.149 19.999 9.256 3.664
115 33.617 19.784 9.463 3.581
115 33.311 19.620 9.642 3.690
115 31.390 17.537 8.389 3.529
115 28.574 17.840 8.243 3.690
115 32.926 20.335 9.674 3.613
115 32.493 20.314 9.564 3.714
115 33.624 19.860 9.775 3.728
115 32.639 18.350 8.361 3.612
115 33.357 19.935 9.553 3.587
127 33.624 19.903 9.716 3.697
127 33.639 20.031 9.670 3.493
127 31.934 19.292 9.386 3.545
127 30.306 19.524 7.446 3.664
127 34.043 20.008 9.749 3.766
127 30.987 20.105 7.294 3.639
127 34.302 20.136 9.598 3.752
127 33.447 20.043 9.615 3.754
127 34.375 19.886 9.733 3.788
127 33.225 20.546 9.749 3.743
127 31.609 19.640 9.402 3.720
140 33.653 20.081 9.515 3.720
140 31.222 19.761 7.021 3.574
140 33.150 20.309 9.492 3.694
140 33.153 19.970 9.494 3.720
140 33.787 20.046 9.032 3.461
140 32.754 19.108 9.481 3.649
140 31.992 17.737 7.776 3.397
140 33.000 20.239 9.430 3.298
140 29.919 19.803 7.354 3.442
140 30.247 18.014 9.513 3.698
140 32.930 19.874 9.495 3.743
154 29.416 18.174 8.001 3.326
154 32.065 19.517 9.383 3.344
154 31.064 19.747 7.542 3.616
154 28.063 19.432 9.513 3.710
154 31.538 19.694 7.670 3.549
154 31.408 19.605 6.669 3.359
154 31.959 20.047 7.947 3.322
154 29.362 19.711 9.329 3.692
154 32.188 19.373 7.854 3.618
154 32.876 20.186 9.516 3.706
154 33.486 19.836 9.369 3.694
169 33.488 19.713 9.424 3.697
169 33.354 19.570 9.491 3.552
169 33.258 18.659 9.526 3.634
169 31.033 19.682 7.605 3.450
169 33.044 20.225 9.466 3.700
169 33.150 19.792 9.549 3.629
169 31.206 18.623 8.784 3.694
169 33.934 19.865 9.368 3.722
169 34.267 20.189 9.556 3.741
169 34.215 20.198 9.576 3.752
169 34.412 20.163 9.579 3.733
186 31.217 20.192 7.879 3.513
186 31.852 19.480 7.640 3.271
186 26.529 17.359 6.831 3.397
186 30.106 19.130 7.097 3.240
186 33.747 20.231 9.473 3.473
186 31.083 19.298 7.695 3.345
186 29.805 19.570 6.879 3.355
186 30.583 18.163 6.737 3.117
186 27.412 17.965 6.645 3.249
186 31.004 19.219 7.149 3.287
186 30.451 19.598 7.558 3.305
204 34.031 19.547 9.582 3.404
204 33.988 19.957 9.567 3.695
204 32.017 18.235 9.176 3.676
204 34.129 19.888 9.392 3.702
204 34.020 19.995 9.591 3.740
204 30.554 19.929 7.131 3.340
204 31.041 19.440 7.240 3.311
204 30.486 18.916 6.891 3.388
204 31.445 19.760 7.959 3.430
204 30.331 20.171 6.894 3.587
204 32.454 19.321 8.099 3.396
225 30.497 19.546 7.918 3.182
225 25.905 19.206 6.919 3.395
225 31.309 19.808 7.890 3.453
225 31.790 19.577 8.086 3.499
225 31.081 19.535 7.303 3.426
225 29.043 19.378 6.000 3.174
225 30.116 19.880 6.837 3.427
225 29.834 17.650 6.103 3.438
225 29.906 19.289 6.261 3.097
225 29.781 19.137 6.515 3.019
225 28.409 18.955 5.953 3.096
247 28.157 19.126 5.633 2.826
247 26.381 18.545 5.742 2.723
247 27.758 18.617 5.713 2.887
247 28.749 18.841 5.746 2.987
247 28.829 18.848 6.009 2.850
247 29.145 19.289 6.240 3.137
247 23.566 17.974 6.560 3.175
247 28.657 18.707 5.816 3.028
247 28.835 18.943 6.360 3.008
247 28.680 18.956 6.371 3.049
247 29.084 19.011 6.398 3.016
272 29.333 18.690 6.152 2.991
272 28.291 18.602 5.940 2.992
272 26.931 18.844 5.354 3.242
272 25.545 17.007 5.881 3.035
272 27.373 18.563 5.518 2.926
272 27.773 18.929 5.704 2.973
272 29.427 18.898 6.288 2.932
272 28.405 19.066 5.723 3.181
272 30.047 19.068 6.429 2.993
272 26.161 19.191 5.858 2.910
272 22.361 17.790 6.048 2.978
299 24.551 17.264 4.472 2.900
299 26.199 18.461 5.215 2.723
299 26.767 16.631 5.401 2.592
299 27.193 18.770 5.533 2.826
299 28.565 18.451 6.177 2.972
299 28.734 18.486 6.069 2.748
299 27.423 18.551 5.254 2.787
299 20.286 17.817 5.141 2.779
299 26.144 18.386 5.109 2.856
299 26.925 18.596 5.428 2.846
299 27.115 18.381 5.276 2.865
329 25.499 17.765 4.689 2.673
329 26.699 18.061 4.867 2.676
329 26.870 18.226 5.198 2.736
329 26.669 18.010 4.361 2.801
329 26.309 18.354 5.056 2.712
329 26.046 18.153 5.042 2.686
329 25.535 18.280 4.840 2.654
329 22.075 16.800 4.084 2.402
329 22.103 17.040 4.142 2.581
329 24.903 15.970 4.537 2.584
329 24.292 16.716 4.743 2.762
362 26.265 17.711 4.865 2.488
362 22.940 17.636 4.360 2.412
362 25.214 17.685 4.605 2.546
362 25.129 17.657 4.374 2.493
362 22.499 15.762 4.362 2.552
362 20.841 17.468 4.463 2.580
362 23.907 17.722 4.312 2.511
362 24.562 17.516 4.304 2.485
362 24.999 17.695 4.594 2.597
362 25.699 17.720 4.600 2.645
362 26.165 18.231 4.875 2.665
398 25.708 17.705 4.585 2.465
398 21.021 17.425 4.476 2.537
398 25.207 17.693 4.516 2.586
398 25.025 17.911 4.423 2.582
398 24.541 17.609 4.375 2.502
398 25.373 17.694 4.377 2.340
398 24.662 17.508 4.269 2.469
398 24.309 17.503 4.245 2.487
398 24.857 17.543 4.356 2.482
398 25.054 17.092 4.452 2.471
398 24.967 17.425 4.347 2.430
438 25.085 17.370 4.370 2.491
438 24.407 17.333 3.778 2.439
438 25.151 16.685 4.072 2.505
438 24.548 17.564 4.368 2.482
438 24.896 17.566 4.360 2.433
438 25.092 17.760 4.505 2.451
438 24.759 17.746 4.389 2.543
438 25.028 17.745 4.388 2.472
438 23.361 16.080 4.288 2.367
438 24.271 17.893 4.312 2.507
438 25.455 17.318 4.358 2.561
482 25.175 17.568 4.350 2.525
482 24.669 17.676 4.341 2.526
482 24.930 17.476 4.132 2.356
482 24.137 17.468 3.888 2.484
482 23.867 14.776 4.046 2.484
482 24.199 17.899 4.406 2.426
482 21.668 16.974 4.265 2.335
482 24.043 17.474 4.277 2.432
482 24.823 17.726 4.318 2.401
482 24.106 13.879 4.261 2.381
482 21.796 16.224 4.440 2.452
530 24.321 17.330 4.351 2.474
530 24.983 17.396 4.365 2.476
530 25.026 17.162 4.360 2.476
530 24.811 17.354 4.383 2.495
530 24.571 17.702 4.361 2.476
530 24.689 17.075 4.219 2.363
530 24.681 17.313 4.327 2.501
530 22.881 17.653 4.389 2.507
530 25.008 17.497 4.226 2.487
530 24.560 17.745 4.368 2.510
530 20.959 16.539 3.996 2.252
583 22.540 16.954 4.286 2.323
583 24.740 17.021 4.270 2.452
583 24.716 17.188 4.244 2.283
583 20.766 16.049 3.977 2.443
583 23.032 17.025 4.346 2.488
583 25.042 17.295 4.350 2.302
583 24.624 17.122 4.244 2.310
583 23.899 17.472 4.293 2.454
583 24.744 17.382 4.334 2.444
583 24.758 17.459 4.320 2.467
583 24.513 17.482 4.229 2.500
641 24.879 17.614 4.364 2.488
641 24.231 17.554 4.393 2.479
641 20.711 17.265 4.056 2.462
641 24.847 17.362 4.383 2.464
641 24.336 17.257 4.346 2.473
641 24.801 17.312 4.076 2.136
641 22.595 15.790 3.738 2.190
641 24.697 17.119 3.827 2.437
641 24.006 13.819 4.050 2.443
641 24.152 17.484 4.307 2.350
641 22.829 17.567 4.115 2.365
706 24.337 17.465 4.325 2.472
706 24.708 17.561 4.331 2.386
706 22.578 16.489 4.333 2.450
706 24.196 16.861 4.328 2.471
706 25.088 17.362 4.365 2.466
706 24.704 17.298 4.345 2.476
706 25.163 17.427 4.344 2.470
706 24.158 17.598 4.367 2.491
706 24.529 17.669 4.349 2.470
706 24.558 17.268 4.325 2.447
706 24.676 17.333 4.350 2.500
776 22.409 17.487 4.411 2.506
776 24.982 17.564 4.362 2.490
776 24.616 17.616 4.401 2.499
776 24.577 16.974 4.322 2.462
776 24.116 17.029 4.262 2.464
776 24.096 17.428 4.343 2.487
776 24.341 17.705 4.274 2.450
776 24.738 17.386 4.244 2.470
776 24.842 17.386 4.343 2.477
776 25.069 17.475 4.363 2.452
776 24.397 17.371 4.288 2.453
854 23.683 17.547 4.302 2.479
854 24.718 17.355 4.389 2.471
854 25.165 15.509 4.367 2.507
854 25.179 17.154 4.355 2.488
854 23.958 17.552 4.405 2.495
854 24.982 17.665 4.364 2.407
854 25.240 17.651 4.286 2.481
854 24.860 17.387 4.371 2.456
854 25.176 17.413 4.338 2.474
854 24.525 17.344 4.332 2.465
854 24.742 17.470 4.352 2.457
939 24.980 16.968 4.313 2.442
939 23.674 16.320 4.360 2.358
939 25.056 17.268 4.355 2.480
939 25.346 17.627 4.339 2.340
939 24.924 16.719 4.326 2.473
939 25.028 17.355 4.298 2.470
939 24.833 17.606 4.146 2.271
939 24.893 17.153 4.360 2.430
939 24.882 17.392 4.353 2.481
939 24.553 17.521 4.361 2.490
939 24.996 17.393 4.354 2.488
1033 25.289 16.998 4.343 2.481
1033 25.355 17.387 4.385 2.487
1033 24.532 17.690 4.342 2.477
1033 24.130 17.092 4.223 2.473
1033 25.219 17.294 4.331 2.477
1033 24.971 17.652 4.412 2.498
1033 24.577 17.089 4.318 2.504
1033 24.656 17.761 4.398 2.476
1033 25.013 17.684 4.395 2.375
1033 24.871 17.059 4.356 2.442
1033 25.095 17.284 4.364 2.457
1136 25.266 17.411 4.308 2.442
1136 24.474 16.857 4.294 2.474
1136 24.206 16.982 4.192 2.436
1136 24.871 17.530 4.318 2.454
1136 24.170 17.654 4.338 2.446
1136 25.042 17.523 4.366 2.483
1136 25.316 17.516 4.251 2.492
1136 24.872 17.861 4.383 2.505
1136 24.609 17.766 4.315 2.506
1136 25.232 17.362 4.397 2.496
1136 25.457 17.519 4.398 2.505
1250 24.228 17.217 4.337 2.501
1250 25.449 17.472 4.413 2.503
1250 25.167 17.392 4.331 2.479
1250 24.899 17.357 4.325 2.396
1250 24.438 16.900 4.244 2.365
1250 23.546 17.070 4.223 2.294
1250 25.054 17.240 4.279 2.458
1250 24.892 17.414 4.370 2.474
1250 25.054 17.633 4.285 2.456
1250 24.885 17.596 4.353 2.314
1250 24.799 17.578 4.337 2.463
1375 25.171 17.246 4.230 2.466
1375 24.780 17.369 4.269 2.460
1375 25.168 17.420 4.337 2.450
1375 24.457 17.351 4.280 2.482
1375 24.608 17.589 4.332 2.464
1375 16.306 16.543 4.218 2.481
1375 24.622 17.638 4.352 2.473
1375 24.816 17.591 4.339 2.222
1375 24.488 17.544 4.352 2.481
1375 25.078 17.720 4.308 2.511
1375 24.969 17.232 4.369 2.509
1512 24.914 17.588 4.326 2.514
1512 24.980 17.807 4.321 2.484
1512 24.226 17.526 4.301 2.486
1512 24.735 17.049 4.257 2.477
1512 24.655 17.218 4.370 2.470
1512 24.777 16.946 4.293 2.437
1512 24.637 17.583 4.362 2.454
1512 24.435 17.521 4.365 2.487
1512 24.946 16.673 4.322 2.474
1512 24.726 16.846 4.282 2.464
1512 25.262 17.321 4.376 2.475
1664 24.671 17.702 4.254 2.469
1664 24.533 17.684 4.273 2.424
1664 25.078 17.676 4.392 2.494
1664 25.113 17.634 4.405 2.472
1664 24.098 17.567 4.368 2.459
1664 24.710 17.740 4.385 2.497
1664 24.898 17.787 4.385 2.507
1664 25.024 17.221 4.363 2.477
1664 25.179 17.377 4.289 2.487
1664 24.472 17.729 4.235 2.477
1664 24.680 17.113 4.230 2.487
1830 24.179 17.064 4.308 2.477
1830 24.859 17.610 4.412 2.453
1830 24.708 17.364 4.398 2.468
1830 25.410 17.368 4.377 2.478
1830 24.532 17.685 4.359 2.458
1830 23.468 16.897 4.312 2.469
1830 24.047 16.647 4.306 2.470
1830 24.334 16.987 4.344 2.437
1830 25.120 17.296 4.351 2.475
1830 24.668 17.484 4.330 2.460
1830 24.727 17.484 4.354 2.480
2013 25.167 17.324 4.322 2.476
2013 25.346 17.404 4.355 2.347
2013 24.622 17.203 4.288 2.442
2013 24.340 17.278 4.299 2.472
2013 24.277 16.819 4.206 2.364
2013 20.135 17.335 4.363 2.405
2013 24.399 17.026 4.149 2.266
2013 17.163 16.200 4.396 2.437
2013 25.271 17.375 4.369 2.465
2013 25.031 17.494 4.254 2.393
2013 23.708 15.325 3.937 2.471
2214 24.649 17.421 4.297 2.454
2214 24.408 17.011 4.355 2.449
2214 25.051 17.423 4.374 2.442
2214 24.593 16.525 4.345 2.464
2214 24.907 17.486 4.332 2.431
2214 24.977 17.278 4.355 2.479
2214 25.001 17.412 4.314 2.461
2214 25.181 17.318 4.355 2.473
2214 24.697 17.470 4.364 2.488
2214 24.238 17.417 4.262 2.485
2214 23.531 16.486 4.359 2.433
2436 24.580 17.347 4.294 2.442
2436 24.400 17.267 4.296 2.242
2436 24.474 17.170 4.183 2.198
2436 23.571 16.747 4.343 2.413
2436 24.737 17.472 4.257 2.435
2436 24.473 17.589 4.342 2.471
2436 25.088 17.642 4.278 2.468
2436 24.321 17.066 4.379 2.491
2436 25.249 17.464 4.346 2.486
2436 24.809 17.497 4.254 2.462
2436 24.617 17.578 4.299 2.452
2679 24.507 17.582 4.332 2.477
2679 25.293 15.920 4.315 2.450
2679 25.062 17.257 4.335 2.461
2679 25.275 17.019 4.367 2.489
2679 24.906 17.609 4.368 2.485
2679 24.796 17.483 4.356 2.458
2679 24.459 16.803 4.368 2.470
2679 25.409 17.570 4.423 2.481
2679 25.033 17.753 4.393 2.476
2679 24.749 17.867 4.381 2.501
2679 25.240 17.532 4.393 2.443
2947 25.357 17.554 4.299 2.468
2947 25.083 17.542 4.305 2.473
2947 24.662 17.390 4.360 2.477
2947 24.560 17.056 4.287 2.434
2947 25.106 17.387 4.377 2.474
2947 25.152 17.179 4.356 2.485
2947 25.179 17.271 4.253 2.470
2947 24.656 17.693 4.238 2.466
2947 24.732 17.484 4.333 2.493
2947 25.134 17.470 4.283 2.415
2947 24.607 17.365 4.303 2.422
3242 21.139 17.060 4.360 2.472
3242 24.942 17.310 4.375 2.480
3242 24.898 17.428 4.291 2.394
3242 24.526 17.588 4.365 2.474
3242 24.691 17.674 4.351 2.482
3242 25.280 17.414 4.370 2.470
3242 25.046 17.344 4.327 2.484
3242 24.603 17.710 4.302 2.465
3242 24.749 17.535 4.254 2.450
3242 24.323 17.328 4.176 2.480
3242 25.357 17.265 4.399 2.447
3566 24.700 16.973 4.377 2.456
3566 25.146 17.604 4.360 2.473
3566 25.004 17.679 4.362 2.488
3566 24.102 16.821 4.255 2.478
3566 24.613 16.787 4.257 2.484
3566 25.287 17.164 4.301 2.472
3566 24.356 17.399 4.368 2.471
3566 25.190 17.432 4.346 2.463
3566 24.961 17.374 4.348 2.481
3566 24.788 17.643 4.329 2.479
3566 24.934 17.430 4.373 2.216
3923 24.252 17.567 4.333 2.491
3923 25.373 17.340 4.275 2.502
3923 25.536 17.519 4.390 2.373
3923 24.685 15.872 4.397 2.512
3923 24.996 17.440 4.285 2.469
3923 21.287 17.096 4.340 2.474
3923 24.662 17.183 4.341 2.475
3923 25.143 17.144 4.257 2.443
3923 25.034 17.343 4.257 2.401
3923 25.363 17.397 4.312 2.446
3923 25.000 17.097 4.292 2.406
4315 23.744 15.869 4.276 2.443
4315 24.192 16.584 4.277 2.462
4315 24.678 17.677 4.193 2.467
4315 23.890 17.034 4.263 2.448
4315 23.685 16.233 4.282 2.400
4315 24.546 17.407 4.340 2.450
4315 24.567 17.411 4.335 2.470
4315 25.186 17.309 4.283 2.447
4315 25.000 17.371 4.326 2.420
4315 24.487 17.485 4.319 2.457
4315 25.094 17.288 4.336 2.406
4747 24.081 16.696 4.258 2.224
4747 22.117 15.088 4.223 2.299
4747 24.749 17.521 4.311 2.332
4747 24.797 17.626 4.341 2.483
4747 25.421 17.379 4.118 2.367
4747 21.194 16.113 4.330 2.489
4747 25.434 17.361 4.403 2.488
4747 25.194 17.293 4.125 2.342
4747 24.986 17.337 4.025 2.363
4747 25.174 17.390 4.330 2.473
4747 25.137 17.030 4.343 2.461
5221 24.588 17.514 4.339 2.470
5221 24.792 17.545 4.339 2.485
5221 25.110 17.484 4.370 2.471
5221 25.095 17.372 4.341 2.371
5221 21.174 13.538 4.347 2.461
5221 25.436 17.539 4.412 2.484
5221 24.950 17.710 4.385 2.509
5221 24.978 17.765 4.389 2.493
5221 25.380 17.528 4.355 2.337
5221 24.319 17.419 4.061 2.398
5221 24.990 16.920 3.857 2.460
5744 24.437 17.301 4.306 2.387
5744 22.283 16.005 4.156 2.291
5744 24.403 17.288 4.256 2.438
5744 24.720 17.553 4.361 2.472
5744 21.627 16.055 4.166 2.445
5744 20.361 17.061 4.075 2.454
5744 24.418 17.386 4.268 2.453
5744 24.709 17.273 4.302 2.444
5744 24.427 17.212 4.303 2.439
5744 24.965 17.368 4.391 2.475
5744 24.862 17.508 4.339 2.377
6318 24.216 17.616 4.325 2.300
6318 23.982 17.345 4.280 2.451
6318 24.202 17.320 4.284 2.449
6318 23.907 17.341 4.280 2.408
6318 24.160 17.727 4.366 2.475
6318 21.665 16.328 4.009 2.357
6318 19.874 16.225 4.284 2.291
6318 24.230 17.484 4.299 2.458
6318 24.578 17.579 4.284 2.276
6318 21.288 15.285 4.128 2.473
6318 24.591 15.106 4.393 2.512
6950 25.033 17.704 4.384 2.326
6950 24.857 17.380 4.352 2.297
6950 24.298 17.406 4.269 2.453
6950 24.394 17.486 4.260 2.446
6950 24.789 17.190 4.286 2.446
6950 24.597 17.387 4.359 2.479
6950 25.141 17.414 4.375 2.476
6950 24.834 17.565 4.340 2.475
6950 24.741 14.379 3.997 2.426
6950 24.102 17.372 4.312 2.466
6950 24.348 17.476 4.420 2.471
7645 22.195 16.182 4.368 2.487
7645 25.549 17.530 4.422 2.318
7645 24.663 17.299 3.946 2.409
7645 24.898 17.336 4.275 2.418
7645 24.946 17.378 4.341 2.442
7645 23.567 16.508 4.239 2.401
7645 24.453 17.064 4.286 2.391
7645 24.227 16.755 4.228 2.450
7645 24.566 17.054 4.202 2.436
7645 24.705 16.986 4.177 2.433
7645 24.220 17.361 4.287 2.462
8409 24.534 17.324 4.290 2.461
8409 24.086 17.546 4.272 2.409
8409 24.355 17.426 4.266 2.446
8409 24.751 17.070 4.304 2.427
8409 24.562 17.353 4.300 2.409
8409 24.745 16.970 4.298 2.442
8409 24.584 17.312 4.265 2.435
8409 24.569 17.175 4.285 2.444
8409 23.973 16.681 4.144 2.390
8409 24.201 16.785 3.600 2.336
8409 23.923 16.750 4.196 2.451
9250 24.467 16.822 4.364 2.478
9250 25.109 17.573 4.389 2.427
9250 25.406 17.534 4.337 2.452
9250 25.041 17.713 4.331 2.503
9250 24.978 16.867 4.354 2.448
9250 24.647 17.133 4.373 2.415
9250 23.541 17.092 4.314 2.452
9250 24.847 17.438 4.368 2.428
9250 24.886 17.375 4.270 2.466
9250 24.620 17.621 4.213 2.446
9250 24.417 17.512 4.363 2.476
10175 24.949 17.070 4.338 2.476
10175 25.250 17.429 4.294 2.446
10175 25.126 17.374 4.369 2.482
10175 25.266 16.397 4.409 2.481
10175 24.914 17.611 4.380 2.480
10175 25.485 17.383 4.381 2.454
10175 25.013 16.940 4.394 2.458
10175 22.151 17.391 4.401 2.469
10175 25.482 17.497 4.404 2.494
10175 24.944 17.777 4.197 2.403
10175 24.313 16.732 4.164 2.436
11193 24.090 17.235 4.253 2.418
11193 24.253 16.659 4.262 2.405
11193 24.119 16.958 4.262 2.396
11193 23.909 15.673 4.267 2.440
11193 24.417 17.539 4.305 2.400
11193 25.055 17.409 4.402 2.449
11193 24.756 17.330 4.299 2.481
11193 25.112 17.402 4.377 2.474
11193 24.640 17.459 3.995 2.392
11193 20.874 12.965 3.938 2.452
11193 25.269 17.190 4.377 2.461
12312 24.656 17.102 4.361 2.470
12312 24.795 17.536 4.365 2.469
12312 24.530 17.530 4.324 2.235
12312 24.636 17.399 4.289 2.418
12312 24.627 17.462 4.285 2.460
12312 24.687 17.665 4.332 2.502
12312 25.252 17.053 4.316 2.455
12312 24.659 17.592 4.408 2.478
12312 25.492 17.264 4.426 2.506
12312 25.128 17.734 4.281 2.471
12312 24.199 17.501 4.226 2.473
13543 25.329 17.274 4.357 2.481
13543 25.323 17.409 4.355 2.483
13543 24.495 17.381 4.356 2.473
13543 24.791 17.096 4.340 2.482
13543 25.062 16.886 4.372 2.469
13543 25.071 17.304 4.374 2.444
13543 24.590 17.046 4.366 2.470
13543 24.984 17.434 4.385 2.478
13543 24.657 17.541 4.370 2.371
13543 25.117 17.643 4.358 2.508
13543 25.489 17.221 4.376 2.475
14897 25.239 17.383 4.123 2.463
14897 25.053 17.362 4.313 2.486
14897 24.605 17.703 4.381 2.470
14897 24.320 16.759 4.302 2.428
14897 24.798 17.363 4.373 2.456
14897 24.514 17.482 4.269 2.477
14897 25.095 17.153 4.244 2.477
14897 24.754 17.313 4.241 2.486
14897 24.547 17.668 4.332 2.489
14897 25.459 17.539 4.330 2.465
14897 25.187 17.333 4.411 2.476
16387 24.230 17.525 4.353 2.483
16387 24.805 17.634 4.357 2.484
16387 25.178 17.354 4.352 2.437
16387 24.521 17.260 4.374 2.474
16387 24.781 17.312 4.357 2.409
16387 24.048 17.370 4.360 2.487
16387 25.377 17.080 4.251 2.397
16387 24.679 16.829 4.213 2.201
16387 25.025 17.167 3.788 2.443
16387 23.292 15.081 4.018 2.451
16387 24.199 17.490 4.331 2.389
18026 22.098 16.112 4.179 2.340
18026 24.358 17.647 4.213 2.485
18026 25.060 17.660 4.336 2.376
18026 20.955 16.637 4.383 2.443
18026 23.794 16.524 4.352 2.481
18026 24.730 17.186 4.369 2.436
18026 24.848 17.396 4.345 2.444
18026 25.133 17.165 4.326 2.462
18026 24.622 17.480 4.376 2.474
18026 24.890 17.469 4.350 2.475
18026 24.777 16.966 4.328 2.437
19829 24.838 17.306 4.368 2.463
19829 25.132 17.532 4.328 2.505
19829 25.000 17.660 4.398 2.501
19829 24.070 17.597 4.394 2.487
19829 24.289 16.589 4.332 2.444
19829 24.226 17.218 4.224 2.463
19829 23.967 16.572 4.375 2.476
19829 25.175 17.576 4.427 2.406
19829 25.121 17.231 4.199 2.393
19829 20.667 16.350 4.140 2.384
19829 24.927 17.189 4.362 2.154
21811 24.551 17.415 4.323 2.263
21811 24.513 17.655 4.331 2.429
21811 24.399 17.614 4.120 2.417
21811 24.027 17.212 4.306 2.315
21811 23.360 17.025 4.126 2.336
21811 25.025 17.152 4.110 2.374
21811 23.760 17.073 3.924 2.318
21811 21.197 13.744 4.108 2.324
21811 23.618 17.324 4.369 2.384
21811 25.099 17.294 4.359 2.447
21811 24.308 16.823 4.302 2.340
23993 22.613 15.557 4.044 2.029
23993 23.036 14.401 4.045 2.283
23993 21.467 14.498 4.127 2.138
23993 24.762 17.019 4.407 2.226
23993 24.556 16.646 4.125 2.348
23993 24.110 16.914 4.345 2.394
23993 24.454 17.018 4.367 2.196
23993 24.785 16.683 4.365 2.083
23993 23.794 16.292 4.293 2.303
23993 24.378 16.902 4.318 2.315
23993 24.045 16.618 4.233 2.343
26392 20.342 14.211 4.021 1.937
26392 19.448 14.464 4.091 1.880
26392 21.117 14.679 4.147 1.873
26392 19.840 13.755 4.084 1.903
26392 18.622 15.105 4.244 1.994
26392 15.468 12.890 4.069 1.895
26392 22.236 15.553 4.113 1.974
26392 18.041 12.413 3.790 1.866
26392 18.568 15.819 4.135 2.066
26392 21.361 15.147 3.967 1.889
26392 18.158 12.207 3.924 1.836
29031 15.268 10.744 3.088 1.391
29031 17.284 11.698 2.998 1.447
29031 14.806 11.024 3.383 1.433
29031 16.321 11.604 3.238 1.460
29031 15.727 11.035 3.325 1.432
29031 15.602 11.367 3.365 1.480
29031 16.204 11.069 3.407 1.471
29031 13.953 11.445 3.261 1.308
29031 15.541 11.028 2.709 1.365
29031 14.909 11.500 3.246 1.440
29031 15.232 11.094 3.243 1.451
31934 13.967 9.592 2.486 1.256
31934 13.422 9.853 2.418 1.181
31934 11.703 10.288 2.456 1.233
31934 13.067 9.877 2.520 1.234
31934 12.958 9.946 2.450 1.229
31934 12.693 9.265 2.392 1.193
31934 13.324 9.920 2.365 1.232
31934 13.269 9.852 2.395 1.176
31934 13.397 9.981 2.264 1.193
31934 13.143 9.733 2.406 1.205
31934 11.724 8.816 2.437 1.212
35127 11.929 8.813 1.777 1.040
35127 12.605 8.854 1.860 1.089
35127 12.294 9.058 1.830 1.082
35127 11.903 8.707 1.807 1.016
35127 11.993 8.762 1.868 1.054
35127 11.631 8.801 1.833 1.035
35127 11.740 7.894 1.797 1.030
35127 12.381 9.115 1.813 1.062
35127 10.712 9.080 1.904 1.042
35127 11.995 8.632 1.772 1.053
35127 11.107 8.706 1.849 1.049
38640 11.501 8.167 1.546 0.962
38640 10.231 8.332 1.576 0.990
38640 11.345 7.268 1.546 0.966
38640 10.628 7.302 1.557 0.980
38640 11.001 7.915 1.538 0.994
38640 11.027 8.206 1.491 0.967
38640 11.176 8.090 1.560 1.005
38640 11.271 8.313 1.566 1.001
38640 11.087 8.180 1.497 1.002
38640 10.378 8.021 1.542 0.929
38640 10.866 6.920 1.505 0.959
42504 10.563 7.871 1.414 0.936
42504 10.602 7.409 1.419 0.948
42504 10.121 7.422 1.411 0.965
42504 10.496 7.851 1.408 0.962
42504 10.515 7.902 1.407 0.944
42504 10.790 7.995 1.400 0.971
42504 10.496 8.074 1.384 0.930
42504 10.392 7.817 1.434 0.908
42504 10.903 7.961 1.408 0.944
42504 11.501 8.039 1.400 0.965
42504 10.710 7.906 1.577 0.967
46755 11.762 7.990 1.494 0.917
46755 11.659 7.970 1.347 0.979
46755 11.518 7.592 1.331 0.901
46755 10.083 7.434 1.333 0.936
46755 10.409 6.958 1.314 0.938
46755 11.495 8.013 1.303 0.948
46755 9.907 7.611 1.306 0.943
46755 10.052 7.811 1.294 0.929
46755 10.128 7.819 1.297 0.924
46755 10.246 7.767 1.296 0.901
46755 9.968 7.898 1.308 0.897
51430 10.027 7.636 1.225 0.914
51430 8.991 6.765 1.262 0.934
51430 9.787 7.575 1.251 0.950
51430 10.233 7.675 1.243 0.944
51430 9.887 7.648 1.249 0.843
51430 9.350 6.614 1.326 0.934
51430 9.987 7.698 1.255 0.940
51430 10.162 7.833 1.294 0.950
51430 10.040 7.749 1.239 0.944
51430 9.882 7.592 1.254 0.941
51430 10.005 7.521 1.313 0.952
56573 9.807 7.647 1.201 0.931
56573 10.441 7.535 1.279 0.943
56573 10.222 7.456 1.329 0.936
56573 9.922 7.523 1.280 0.938
56573 9.775 7.703 1.212 0.948
56573 10.017 7.738 1.225 0.938
56573 11.539 7.816 1.234 0.937
56573 10.052 7.733 1.214 0.936
56573 10.601 7.679 1.295 0.939
56573 10.405 7.584 1.253 0.951
56573 10.705 7.575 1.299 0.951
62230 10.216 7.723 1.191 0.937
62230 9.951 7.668 1.197 0.938
62230 10.328 7.738 1.193 0.938
62230 9.773 7.514 1.229 0.937
62230 9.999 7.540 1.260 0.950
62230 9.023 7.717 1.208 0.935
62230 10.479 7.597 1.237 0.943
62230 9.459 7.755 1.197 0.950
62230 9.939 7.791 1.198 0.948
62230 9.704 7.566 1.191 0.937
62230 10.968 7.596 1.248 0.910
68454 10.614 7.532 1.203 0.945
68454 10.141 7.744 1.188 0.949
68454 10.004 7.618 1.227 0.939
68454 9.590 7.537 1.172 0.950
68454 9.782 7.547 1.204 0.944
68454 9.452 7.731 1.191 0.939
68454 10.661 7.711 1.236 0.941
68454 9.798 7.703 1.262 0.944
68454 10.180 7.726 1.230 0.943
68454 9.656 7.722 1.180 0.952
68454 9.962 7.681 1.187 0.947
75299 10.186 7.602 1.243 0.950
75299 9.747 7.728 1.163 0.942
75299 9.942 7.548 1.242 0.952
75299 9.951 7.134 1.221 0.948
75299 10.328 7.620 1.262 0.950
75299 9.809 7.615 1.189 0.947
75299 9.653 7.707 1.183 0.938
75299 10.255 7.500 1.257 0.941
75299 9.658 7.595 1.200 0.937
75299 10.498 7.410 1.262 0.940
75299 9.869 7.242 1.324 0.944
82829 9.738 7.746 1.233 0.939
82829 9.819 7.605 1.179 0.948
82829 9.829 7.743 1.188 0.953
82829 10.287 7.456 1.207 0.934
82829 9.738 7.477 1.225 0.881
82829 9.192 7.692 1.220 0.939
82829 10.739 7.827 1.240 0.938
82829 9.788 7.543 1.281 0.942
82829 9.913 7.644 1.179 0.926
82829 9.951 7.770 1.180 0.941
82829 10.700 7.632 1.183 0.947
91112 9.800 7.744 1.189 0.946
91112 10.041 7.689 1.232 0.943
91112 10.257 7.322 1.203 0.946
91112 10.876 7.806 1.250 0.949
91112 9.790 7.730 1.177 0.939
91112 9.918 7.784 1.212 0.943
91112 9.595 7.704 1.184 0.946
91112 9.863 7.703 1.239 0.942
91112 10.724 7.731 1.190 0.937
91112 9.701 7.699 1.177 0.946
91112 9.819 7.543 1.223 0.935
100223 9.774 7.648 1.156 0.943
100223 9.572 7.622 1.202 0.947
100223 9.775 7.679 1.193 0.937
100223 9.840 7.557 1.259 0.942
100223 9.680 7.492 1.207 0.930
100223 9.708 7.612 1.170 0.926
100223 9.661 7.720 1.180 0.947
100223 9.678 7.680 1.184 0.952
100223 9.805 7.709 1.296 0.934
100223 9.706 7.643 1.192 0.902
100223 10.626 7.704 1.218 0.929
110245 9.779 7.250 1.260 0.935
110245 9.572 7.665 1.209 0.908
110245 9.760 7.577 1.180 0.946
110245 9.702 7.714 1.184 0.941
110245 10.927 7.637 1.197 0.950
110245 10.079 7.737 1.185 0.934
110245 10.239 7.590 1.259 0.938
110245 10.730 7.789 1.256 0.932
110245 9.811 7.578 1.253 0.941
110245 9.889 7.714 1.156 0.936
110245 9.861 7.796 1.186 0.947
121270 10.737 7.672 1.180 0.930
121270 9.662 7.597 1.173 0.936
121270 9.826 7.651 1.264 0.944
121270 10.420 7.498 1.227 0.946
121270 10.380 7.370 1.264 0.938
121270 9.755 7.619 1.170 0.935
121270 10.053 7.679 1.172 0.939
121270 10.685 7.637 1.184 0.939
121270 9.805 7.687 1.190 0.930
121270 10.113 7.695 1.248 0.943
121270 10.847 7.454 1.249 0.942
133397 10.353 7.569 1.227 0.946
133397 9.681 7.741 1.181 0.946
133397 9.823 7.782 1.187 0.945
133397 11.098 7.908 1.176 0.930
133397 9.921 7.707 1.254 0.888
133397 10.565 7.238 1.222 0.946
133397 9.495 6.856 1.227 0.933
133397 9.647 7.390 1.208 0.906
133397 9.592 7.568 1.177 0.936
133397 8.764 7.632 1.195 0.944
133397 9.917 6.911 1.244 0.953
146736 10.026 7.765 1.320 0.946
146736 11.371 7.564 1.303 0.953
146736 11.340 7.418 1.268 0.946
146736 9.941 7.715 1.220 0.919
146736 9.700 7.762 1.223 0.942
146736 10.040 7.724 1.192 0.915
146736 11.190 7.786 1.186 0.934
146736 9.516 7.473 1.170 0.918
146736 9.097 7.068 1.239 0.923
146736 10.980 7.719 1.169 0.919
146736 9.600 6.852 1.199 0.936
161410 9.694 7.619 1.166 0.939
161410 9.773 7.542 1.170 0.943
161410 9.822 7.701 1.175 0.942
161410 9.834 6.862 1.194 0.928
161410 9.740 7.666 1.197 0.909
161410 9.817 7.648 1.186 0.895
161410 10.279 7.549 1.191 0.944
161410 9.658 7.699 1.180 0.950
161410 9.725 7.742 1.220 0.949
161410 9.622 7.645 1.173 0.846
161410 10.545 6.606 1.264 0.914
177551 9.711 7.658 1.193 0.916
177551 9.770 7.612 1.168 0.884
177551 10.037 7.615 1.169 0.930
177551 9.716 7.402 1.170 0.937
177551 9.755 7.656 1.173 0.931
177551 9.761 7.646 1.183 0.939
177551 9.951 7.780 1.202 0.893
177551 10.028 7.762 1.183 0.885
177551 10.711 7.621 1.168 0.915
177551 10.644 7.709 1.174 0.931
177551 9.778 7.619 1.192 0.935
195306 9.897 7.712 1.191 0.913
195306 9.959 7.719 1.195 0.941
195306 9.660 7.529 1.175 0.906
195306 9.372 6.981 1.235 0.907
195306 10.283 7.534 1.167 0.919
195306 9.946 7.571 1.171 0.928
195306 9.604 7.450 1.176 0.923
195306 9.713 7.539 1.173 0.920
195306 9.917 7.728 1.179 0.935
195306 9.734 7.638 1.176 0.894
195306 9.569 7.553 1.172 0.916
214837 9.658 7.697 1.178 0.917
214837 9.973 6.743 1.191 0.941
214837 9.633 7.599 1.189 0.936
214837 9.620 7.623 1.184 0.912
214837 9.559 7.629 1.188 0.928
214837 8.368 6.134 1.215 0.852
214837 10.507 7.654 1.291 0.943
214837 10.248 7.853 1.341 0.945
214837 9.616 7.682 1.255 0.936
214837 9.822 7.538 1.175 0.934
214837 9.953 7.548 1.160 0.940
236320 9.612 7.623 1.221 0.943
236320 9.913 7.730 1.187 0.949
236320 10.438 7.592 1.250 0.943
236320 9.840 7.469 1.218 0.924
236320 9.607 7.334 1.175 0.897
236320 10.384 7.281 1.147 0.896
236320 9.366 7.127 1.153 0.895
236320 10.208 7.572 1.267 0.934
236320 9.898 7.591 1.177 0.939
236320 10.724 7.662 1.183 0.906
236320 9.582 7.665 1.203 0.921
259952 9.765 7.619 1.204 0.936
259952 9.734 7.434 1.167 0.937
259952 9.540 7.649 1.181 0.937
259952 10.626 7.672 1.203 0.944
259952 10.404 7.746 1.184 0.933
259952 9.838 7.667 1.255 0.935
259952 10.960 7.732 1.179 0.910
259952 9.838 7.594 1.231 0.937
259952 9.752 7.596 1.163 0.938
259952 9.707 7.654 1.232 0.943
259952 9.648 7.608 1.180 0.910
285947 10.940 7.438 1.336 0.936
285947 9.743 7.711 1.225 0.949
285947 8.310 7.740 1.184 0.936
285947 10.436 7.553 1.239 0.935
285947 9.689 7.645 1.170 0.935
285947 9.758 7.497 1.168 0.930
285947 9.605 7.651 1.189 0.947
285947 9.761 7.698 1.182 0.937
285947 10.700 7.761 1.256 0.934
285947 10.289 7.463 1.284 0.932
285947 9.534 7.572 1.241 0.935
314542 9.714 7.315 1.179 0.925
314542 9.998 7.544 1.159 0.926
314542 9.710 7.400 1.221 0.929
314542 9.755 7.548 1.170 0.940
314542 10.643 7.724 1.258 0.939
314542 10.014 7.681 1.319 0.930
314542 9.476 7.659 1.230 0.937
314542 9.829 7.665 1.179 0.938
314542 9.602 7.666 1.194 0.937
314542 9.697 7.512 1.260 0.937
314542 9.839 7.688 1.196 0.902
345996 9.870 7.506 1.228 0.918
345996 10.237 7.471 1.321 0.936
345996 9.744 7.621 1.228 0.934
345996 9.657 7.725 1.176 0.938
345996 9.541 7.633 1.178 0.936
345996 9.813 7.653 1.185 0.929
345996 11.040 7.520 1.312 0.930
345996 10.246 7.676 1.195 0.918
345996 9.900 7.662 1.192 0.932
345996 9.790 7.590 1.172 0.920
345996 9.600 7.427 1.167 0.934
380596 10.541 7.355 1.222 0.946
380596 9.672 7.657 1.189 0.939
380596 10.196 7.506 1.234 0.941
380596 11.189 7.641 1.190 0.929
380596 10.809 7.706 1.185 0.935
380596 10.255 7.485 1.233 0.925
380596 9.680 7.574 1.186 0.926
380596 9.808 7.652 1.168 0.929
380596 9.532 7.412 1.239 0.927
380596 9.725 7.680 1.174 0.930
380596 9.964 7.589 1.217 0.933
418656 10.572 7.638 1.285 0.950
418656 10.959 7.558 1.288 0.950
418656 9.998 7.729 1.252 0.938
418656 9.844 7.642 1.182 0.944
418656 9.858 7.648 1.170 0.942
418656 9.920 7.608 1.216 0.940
418656 9.928 7.761 1.187 0.946
418656 9.808 7.740 1.263 0.928
418656 10.404 7.369 1.215 0.929
418656 10.072 6.862 1.177 0.926
418656 10.712 7.459 1.180 0.919
460521 9.765 7.542 1.168 0.924
460521 9.640 7.519 1.159 0.906
460521 10.581 7.563 1.168 0.923
460521 9.550 6.123 1.329 0.855
460521 9.493 7.359 1.225 0.888
460521 9.577 6.769 1.226 0.941
460521 9.778 7.728 1.211 0.926
460521 9.546 7.547 1.171 0.923
460521 9.984 7.674 1.179 0.899
460521 9.609 7.587 1.190 0.943
460521 9.744 7.669 1.180 0.914
506573 8.918 6.851 1.211 0.894
506573 10.074 7.668 1.182 0.918
506573 10.011 6.893 1.194 0.948
506573 9.750 7.441 1.187 0.940
506573 10.610 7.750 1.212 0.911
506573 9.584 7.465 1.157 0.908
506573 9.329 7.160 1.219 0.919
506573 10.655 7.061 1.192 0.944
506573 9.289 7.817 1.197 0.931
506573 10.000 7.574 1.173 0.928
506573 9.838 7.642 1.175 0.917
557231 9.807 7.696 1.175 0.896
557231 10.160 7.569 1.193 0.905
557231 11.337 7.328 1.253 0.910
557231 11.372 7.884 1.388 0.914
557231 11.331 7.787 1.265 0.932
557231 10.534 7.671 1.160 0.901
557231 10.054 7.699 1.189 0.931
557231 11.318 7.773 1.212 0.937
557231 9.864 7.650 1.193 0.935
557231 9.618 7.567 1.181 0.940
557231 9.144 7.368 1.278 0.925
612954 9.760 7.526 1.176 0.927
612954 9.586 5.864 1.229 0.839
612954 10.825 7.753 1.168 0.938
612954 9.662 7.254 1.195 0.895
612954 10.197 7.587 1.155 0.924
612954 11.214 7.800 1.184 0.910
612954 9.736 7.550 1.171 0.924
612954 9.825 7.586 1.171 0.939
612954 9.593 7.557 1.174 0.899
612954 11.284 7.795 1.218 0.944
612954 9.732 7.751 1.187 0.946
674249 9.823 7.590 1.194 0.899
674249 9.965 7.021 1.256 0.928
674249 11.514 7.783 1.269 0.929
674249 9.789 7.695 1.184 0.917
674249 10.347 7.545 1.186 0.937
674249 10.114 7.709 1.175 0.935
674249 9.691 7.640 1.192 0.930
674249 9.702 7.059 1.240 0.936
674249 9.654 7.451 1.170 0.921
674249 9.625 7.309 1.178 0.905
674249 9.565 7.400 1.246 0.923
741674 10.553 6.875 1.260 0.937
741674 9.775 7.726 1.209 0.909
741674 9.618 7.539 1.175 0.934
741674 9.757 7.617 1.177 0.946
741674 9.797 7.650 1.160 0.924
741674 9.682 7.554 1.184 0.919
741674 9.751 7.650 1.207 0.918
741674 10.588 7.661 1.259 0.939
741674 10.769 7.357 1.316 0.943
741674 9.731 7.615 1.221 0.939
741674 10.549 7.625 1.189 0.948
815842 9.760 7.717 1.193 0.939
815842 9.724 7.603 1.183 0.937
815842 9.790 7.552 1.187 0.929
815842 10.714 7.600 1.311 0.935
815842 10.250 7.550 1.235 0.945
815842 9.793 7.413 1.207 0.949
815842 10.507 7.246 1.293 0.941
815842 9.754 7.569 1.188 0.937
815842 9.820 7.675 1.185 0.939
815842 10.571 7.382 1.248 0.946
815842 9.749 7.630 1.179 0.940
897426 10.358 7.558 1.254 0.937
897426 9.833 7.576 1.307 0.940
897426 9.744 7.514 1.245 0.937
897426 10.001 7.638 1.181 0.941
897426 9.762 7.683 1.187 0.931
897426 10.599 7.347 1.213 0.943
897426 9.848 7.611 1.179 0.938
897426 10.657 7.634 1.251 0.949
897426 10.593 7.740 1.318 0.948
897426 9.908 7.618 1.248 0.946
897426 9.777 7.641 1.184 0.937
987168 9.735 7.623 1.186 0.936
987168 10.203 7.617 1.185 0.936
987168 9.682 7.544 1.180 0.870
987168 9.663 7.659 1.166 0.912
987168 9.677 7.627 1.188 0.915
987168 9.890 7.650 1.188 0.943
987168 9.886 7.698 1.181 0.918
987168 10.086 7.620 1.175 0.937
987168 9.511 6.767 1.182 0.926
987168 11.176 7.703 1.189 0.941
987168 9.708 7.763 1.190 0.911
