9 41.385 22.465 39.452 22.991
9 41.641 22.354 40.298 22.980
9 37.729 22.957 39.500 22.971
9 41.527 22.550 40.423 22.617
9 41.754 22.232 38.927 22.951
9 41.341 22.320 40.274 22.589
9 41.665 22.392 39.420 23.181
9 41.597 22.396 40.340 22.659
9 41.547 22.476 38.534 23.081
9 41.574 22.332 39.590 22.687
9 39.925 22.159 39.424 22.559
10 40.971 22.486 39.636 22.531
10 41.744 22.889 39.058 22.646
10 40.978 22.213 39.584 22.570
10 40.869 21.764 37.457 20.838
10 39.942 22.206 39.439 15.426
10 41.590 22.390 38.939 22.736
10 40.440 22.385 39.485 22.675
10 40.563 22.707 38.970 23.082
10 40.023 22.800 40.032 22.650
10 41.648 22.700 39.023 22.908
10 40.863 22.546 37.756 22.674
11 41.576 22.834 38.525 22.501
11 39.694 22.459 40.307 22.597
11 41.020 22.329 40.656 23.038
11 40.590 22.936 40.232 22.680
11 41.868 22.874 39.519 23.060
11 40.593 22.744 39.762 22.850
11 41.299 22.394 39.933 22.737
11 40.659 22.812 40.638 22.593
11 41.818 23.014 38.408 22.839
11 40.595 22.836 40.488 22.515
11 41.748 22.584 39.447 23.172
12 40.154 22.936 39.631 22.348
12 41.802 23.040 37.155 21.745
12 39.969 22.035 37.699 21.680
12 41.133 21.939 39.081 22.842
12 39.790 22.676 39.753 22.393
12 41.951 22.521 39.734 22.349
12 40.245 22.131 38.505 21.975
12 40.892 21.929 38.714 22.881
12 39.807 22.464 38.004 22.283
12 41.152 22.736 39.634 22.607
12 41.291 22.989 38.679 22.235
13 41.996 22.495 39.818 22.998
13 41.966 22.681 38.801 22.879
13 41.297 22.523 39.859 22.824
13 41.819 23.025 37.882 23.021
13 41.759 15.391 39.689 22.752
13 41.811 22.336 37.825 22.737
13 41.169 22.505 39.078 22.146
13 41.795 22.913 38.575 22.680
13 41.823 22.481 38.976 22.418
13 41.782 22.499 38.525 22.998
13 41.273 22.562 39.668 22.831
14 41.822 23.087 38.751 22.690
14 42.214 22.612 39.093 22.040
14 41.204 22.679 38.711 22.983
14 41.944 22.126 39.838 22.556
14 41.600 22.852 38.534 22.773
14 41.731 22.468 39.993 22.456
14 42.175 23.106 38.280 22.902
14 42.056 22.379 39.777 22.440
14 41.506 23.041 38.694 22.554
14 42.125 22.519 39.750 22.462
14 42.169 22.929 38.215 23.025
16 41.944 22.517 40.475 22.600
16 41.734 21.795 39.130 22.958
16 41.679 22.603 40.444 22.531
16 42.291 23.031 39.347 22.809
16 42.185 22.582 39.824 22.434
16 42.083 22.615 39.402 23.028
16 41.691 22.561 40.446 22.578
16 42.227 22.840 39.305 22.753
16 41.850 22.668 39.929 22.355
16 42.335 22.744 39.132 22.977
16 41.321 22.155 40.324 22.486
17 41.787 22.879 39.116 22.704
17 42.157 22.445 40.274 22.071
17 41.230 22.464 37.871 21.565
17 40.035 21.093 37.888 15.054
17 38.889 19.822 40.011 22.814
17 40.890 22.954 40.018 21.126
17 41.852 22.426 40.103 22.793
17 40.987 22.789 40.103 22.572
17 41.595 22.092 39.385 22.678
17 40.118 22.954 40.030 22.339
17 42.195 22.676 39.766 23.061
19 40.732 22.806 40.221 20.351
19 42.436 22.136 40.161 22.221
19 41.116 22.519 39.773 21.260
19 42.307 22.041 39.313 19.300
19 40.821 22.594 40.125 22.747
19 41.799 22.539 40.555 22.591
19 41.782 22.584 37.358 20.934
19 42.426 22.733 39.160 21.705
19 33.684 19.956 39.334 21.122
19 40.648 22.966 40.295 21.860
19 42.310 22.429 40.236 22.448
21 40.868 21.822 37.355 21.913
21 42.250 21.712 40.209 20.202
21 40.784 22.458 39.823 22.504
21 42.238 22.335 39.648 21.505
21 40.763 22.750 39.609 20.470
21 42.438 22.326 39.989 20.991
21 41.589 22.834 38.888 22.439
21 41.968 21.813 39.800 20.361
21 42.517 22.611 38.653 23.032
21 42.339 22.122 39.966 22.401
21 41.742 22.762 38.841 20.217
23 41.559 22.405 40.000 20.483
23 42.268 22.039 38.026 19.086
23 40.483 22.051 38.818 15.260
23 40.845 22.252 39.486 22.767
23 40.482 22.388 39.144 20.110
23 35.552 22.254 39.749 19.789
23 42.108 22.521 38.901 21.626
23 41.811 22.270 39.350 19.818
23 42.192 22.155 38.407 22.764
23 42.364 22.333 39.525 19.441
23 41.862 22.925 39.464 22.608
25 41.561 22.427 39.348 19.620
25 42.610 22.416 39.037 20.325
25 41.327 22.386 40.115 22.317
25 41.771 22.198 40.109 19.968
25 41.066 22.649 39.967 20.979
25 42.404 22.063 39.464 22.866
25 42.368 22.361 38.790 20.467
25 41.881 22.472 39.945 21.833
25 42.262 22.651 39.053 21.437
25 42.364 22.359 39.648 19.360
25 42.533 21.061 38.346 19.496
28 36.470 19.099 39.055 19.097
28 42.516 22.380 39.425 18.940
28 42.484 22.362 38.909 21.142
28 41.766 21.875 38.910 18.372
28 41.535 21.855 39.257 19.393
28 41.287 22.254 39.306 18.385
28 41.823 19.613 40.124 19.775
28 42.515 22.589 38.865 17.987
28 41.288 22.369 40.119 20.315
28 42.496 21.902 39.999 19.114
28 41.125 22.691 39.556 19.772
30 42.321 22.232 39.298 19.650
30 22.786 21.799 37.845 19.029
30 41.354 22.340 39.807 18.860
30 41.734 22.255 38.965 19.739
30 41.286 22.332 39.422 19.875
30 41.903 22.186 39.703 20.039
30 42.414 22.299 38.547 20.066
30 42.468 22.342 39.204 18.903
30 41.260 22.352 38.958 19.768
30 40.621 22.646 40.027 19.194
30 42.496 22.291 39.299 19.851
33 38.977 21.869 22.619 12.764
33 40.097 22.372 22.621 12.601
33 39.641 21.584 22.454 11.525
33 40.322 21.909 23.483 13.249
33 39.569 21.610 22.848 13.288
33 39.941 21.592 22.947 11.753
33 34.879 21.761 23.590 13.318
33 39.645 21.674 23.857 13.496
33 39.882 21.511 23.404 11.871
33 38.507 21.887 22.607 11.098
33 40.388 22.143 22.893 12.096
37 34.146 20.085 10.257 4.945
37 34.468 20.207 10.180 4.136
37 31.889 19.876 8.211 5.045
37 33.747 20.381 10.168 3.966
37 34.583 20.488 10.179 4.661
37 34.460 20.325 10.345 4.007
37 34.536 20.475 10.115 3.515
37 34.278 20.630 10.140 3.969
37 34.782 20.508 10.038 4.448
37 33.329 20.909 10.036 4.898
37 34.535 20.729 10.073 4.815
40 34.613 20.272 9.909 3.812
40 33.684 20.366 10.034 3.784
40 33.971 19.721 9.804 3.491
40 34.216 20.206 9.783 3.767
40 33.853 19.531 8.797 3.781
40 34.205 20.607 10.009 3.800
40 33.334 20.564 9.890 3.779
40 34.639 19.688 7.572 3.767
40 33.879 20.283 9.454 3.647
40 33.159 19.562 9.898 3.570
40 33.665 19.516 9.743 3.743
44 34.003 20.270 9.874 3.796
44 34.619 20.447 10.088 3.514
44 33.759 20.561 9.536 3.781
44 34.345 20.003 9.893 3.784
44 34.575 20.317 9.978 3.793
44 34.586 20.497 9.922 3.775
44 33.453 20.577 9.924 3.629
44 34.184 20.280 10.002 3.752
44 34.003 20.326 9.837 3.794
44 34.114 20.113 10.168 3.818
44 33.271 20.405 9.836 3.792
49 34.228 20.040 9.684 3.399
49 32.900 20.043 9.878 3.775
49 34.399 20.174 9.852 3.781
49 34.196 20.524 9.878 3.804
49 33.082 20.613 9.712 3.785
49 34.021 20.235 9.764 3.791
49 34.571 20.108 9.937 3.756
49 34.596 20.427 9.911 3.736
49 33.534 20.417 9.967 3.797
49 34.647 19.566 9.895 3.788
49 34.348 20.236 9.818 3.733
54 33.804 14.389 9.845 3.783
54 32.639 20.337 9.962 3.787
54 33.709 20.178 9.951 3.797
54 34.781 20.205 10.017 3.794
54 34.719 20.444 10.085 3.794
54 33.913 20.416 10.177 3.800
54 34.414 19.927 9.451 3.709
54 34.719 20.243 9.919 3.735
54 33.723 20.385 9.917 3.804
54 33.076 20.318 9.981 3.795
54 34.026 20.251 9.991 3.514
59 34.516 20.039 9.834 3.751
59 34.275 20.291 9.787 3.796
59 33.452 20.478 9.866 3.791
59 34.401 20.253 9.801 3.757
59 34.799 20.284 10.197 3.812
59 34.110 20.519 9.990 3.759
59 32.588 20.597 10.105 3.779
59 34.948 20.131 10.059 3.793
59 34.713 20.063 10.029 3.810
59 34.171 20.409 9.438 3.399
59 32.526 20.351 9.887 3.713
65 33.838 20.496 9.886 3.774
65 34.594 18.681 9.834 3.795
65 34.595 20.135 9.763 3.789
65 34.234 20.497 9.902 3.749
65 33.213 20.558 9.964 3.756
65 34.600 20.027 9.902 3.788
65 34.446 20.165 9.880 3.764
65 34.764 20.337 9.975 3.790
65 33.787 20.471 9.722 3.722
65 33.391 14.879 9.654 3.739
65 34.603 20.105 9.806 3.765
72 33.963 20.194 9.743 3.794
72 33.432 20.574 9.890 3.758
72 33.351 20.551 10.002 3.778
72 34.344 20.091 9.725 3.620
72 34.646 18.952 9.589 3.742
72 34.346 20.128 9.720 3.716
72 34.539 20.166 9.750 3.778
72 33.505 20.187 9.732 3.785
72 34.704 20.303 10.088 3.508
72 34.416 20.239 9.798 3.754
72 33.401 20.513 9.764 3.783
79 33.476 20.581 10.044 3.802
79 34.768 20.079 9.997 3.775
79 34.674 20.079 9.899 3.807
79 34.563 20.298 10.001 3.763
79 33.852 20.550 9.948 3.784
79 34.496 20.260 9.841 3.780
79 34.693 20.225 9.895 3.808
79 33.979 20.478 9.607 3.389
79 33.327 20.495 9.884 3.777
79 34.515 20.083 9.732 3.770
79 33.219 19.697 9.717 3.774
87 34.745 20.182 9.944 3.801
87 33.757 19.914 9.914 3.787
87 34.187 20.464 9.733 3.723
87 34.457 20.285 9.972 3.778
87 34.337 20.294 9.803 3.797
87 33.162 20.301 9.924 3.780
87 33.333 20.556 9.966 3.734
87 20.349 19.845 9.762 3.771
87 34.483 20.010 9.856 3.776
87 34.546 20.436 9.888 3.783
87 33.686 20.574 9.862 3.778
95 34.526 20.179 9.754 3.773
95 34.697 20.262 9.824 3.775
95 30.443 20.190 8.657 3.732
95 34.258 20.615 9.716 3.732
95 33.648 20.405 9.225 3.780
95 33.384 20.581 9.708 3.770
95 34.607 20.101 8.141 3.769
95 34.517 20.070 9.846 3.790
95 34.469 20.364 9.736 3.744
95 33.750 20.467 9.870 3.784
95 34.545 20.270 9.796 3.762
105 30.420 20.140 7.076 3.704
105 34.672 19.012 9.991 3.793
105 34.503 20.310 9.790 3.781
105 34.493 20.620 9.698 3.781
105 33.644 20.466 9.796 3.761
105 33.377 19.494 9.384 3.454
105 33.775 20.156 9.694 3.756
105 33.595 20.207 9.878 3.793
105 34.596 20.424 9.662 3.790
105 33.499 20.415 9.952 3.470
105 33.800 20.433 9.912 3.784
115 34.815 20.189 9.713 3.788
115 34.538 20.208 9.926 3.784
115 34.696 20.584 9.728 3.630
115 33.884 20.585 9.897 3.782
115 33.545 20.511 9.529 3.469
115 33.493 20.231 9.704 3.764
115 33.880 20.128 9.731 3.571
115 34.159 20.070 9.868 3.805
115 34.173 20.578 9.817 3.778
115 32.664 20.427 9.738 3.408
115 33.331 20.608 9.768 3.724
127 33.455 19.575 9.538 3.675
127 33.781 19.119 9.454 3.708
127 34.355 20.125 9.792 3.761
127 34.430 20.027 9.668 3.503
127 34.160 20.268 9.702 3.769
127 33.592 20.350 9.655 3.761
127 34.545 20.317 9.765 3.787
127 34.696 20.257 9.786 3.782
127 34.089 20.559 9.651 3.793
127 33.362 20.583 9.796 3.781
127 34.113 20.270 9.729 3.770
140 34.462 20.140 9.626 3.762
140 34.485 19.973 9.768 3.781
140 33.609 20.431 9.736 3.654
140 32.873 14.085 9.375 3.748
140 30.893 20.254 7.562 3.672
140 33.508 20.450 9.711 3.763
140 34.305 20.099 9.611 3.774
140 34.550 20.146 9.656 3.769
140 34.450 20.196 9.669 3.784
140 34.313 20.539 9.632 3.760
140 32.992 20.453 9.165 3.771
154 34.237 20.316 9.548 3.766
154 33.708 20.253 9.640 3.736
154 30.451 19.466 6.457 3.445
154 33.488 20.510 9.642 3.734
154 34.230 20.245 9.677 3.775
154 34.403 20.335 9.703 3.778
154 33.966 20.595 9.570 3.749
154 33.286 20.571 9.600 3.771
154 33.499 19.622 9.447 3.738
154 31.924 20.064 7.752 3.641
154 33.141 20.519 9.638 3.770
169 33.958 20.217 9.568 3.770
169 31.202 19.490 6.650 3.622
169 33.855 20.199 9.593 3.725
169 33.703 20.099 9.633 3.742
169 31.746 20.419 7.791 3.695
169 34.420 19.318 9.663 3.748
169 33.575 20.523 9.554 3.768
169 28.780 20.517 9.609 3.771
169 33.403 20.578 9.577 3.780
169 34.475 20.150 9.551 3.589
169 34.438 20.176 9.579 3.718
186 29.967 18.716 7.298 3.267
186 30.463 19.884 7.506 3.351
186 27.174 18.849 5.354 2.945
186 31.892 20.208 7.650 3.514
186 32.098 19.936 7.905 3.600
186 30.849 19.204 7.050 3.197
186 30.734 19.265 7.021 3.185
186 30.163 19.919 6.613 3.347
186 30.181 19.524 7.193 3.231
186 31.275 19.531 7.380 3.299
186 29.980 19.750 7.121 3.176
204 29.941 19.756 7.723 3.357
204 30.088 19.829 6.555 3.434
204 31.381 20.129 8.054 3.625
204 30.750 19.432 7.924 3.639
204 30.614 19.849 6.842 3.408
204 31.664 19.867 7.834 3.538
204 28.210 19.105 6.099 2.980
204 29.472 19.241 6.450 3.149
204 29.854 19.356 6.600 3.313
204 28.357 18.613 5.959 3.298
204 33.059 20.455 9.750 3.737
225 30.678 19.499 6.935 3.246
225 31.267 19.552 7.238 3.527
225 30.257 19.884 6.903 3.431
225 30.937 18.611 7.040 3.399
225 31.942 19.779 7.979 3.587
225 29.623 19.263 6.725 3.136
225 28.876 19.373 6.489 3.123
225 29.836 19.772 7.002 3.410
225 29.625 19.540 6.531 3.427
225 31.852 20.114 8.266 3.610
225 30.749 19.734 6.985 3.270
247 28.382 19.238 6.061 3.053
247 28.506 19.726 6.187 3.241
247 27.863 18.417 5.795 2.922
247 28.901 18.951 5.985 2.991
247 27.262 19.082 5.214 3.169
247 30.034 19.683 6.854 3.252
247 29.066 19.276 6.124 3.126
247 29.536 14.573 6.699 3.130
247 28.083 18.912 6.184 3.191
247 24.745 17.382 6.180 3.111
247 27.808 18.803 5.294 2.904
272 28.699 18.663 5.811 2.870
272 28.942 18.477 6.158 3.035
272 28.950 18.720 5.986 2.968
272 29.015 18.976 5.922 3.085
272 27.997 18.714 5.580 2.947
272 26.856 18.841 5.067 2.987
272 28.163 18.932 5.745 2.849
272 26.352 18.087 5.026 2.709
272 28.009 18.653 5.525 2.953
272 29.441 19.266 6.689 3.126
272 25.755 18.503 5.154 2.919
299 27.725 18.312 5.418 2.808
299 28.894 19.042 5.989 2.958
299 26.023 17.963 4.754 2.647
299 26.541 17.797 4.937 2.737
299 26.661 18.570 5.054 2.803
299 27.281 17.151 5.237 2.874
299 25.319 18.426 4.594 2.723
299 27.289 18.567 5.202 2.817
299 26.963 18.093 5.244 2.702
299 25.527 18.546 4.917 2.876
299 26.533 18.574 5.014 2.823
329 26.395 18.411 5.120 2.708
329 26.175 18.379 5.057 2.698
329 25.924 18.255 4.826 2.707
329 26.118 18.476 4.887 2.752
329 25.578 18.147 4.701 2.631
329 25.946 18.299 4.782 2.750
329 26.288 17.543 4.902 2.684
329 27.357 18.368 5.210 2.806
329 26.311 17.889 4.701 2.642
329 26.415 18.114 4.768 2.651
329 24.906 18.123 4.398 2.576
362 25.325 17.657 4.391 2.551
362 25.709 18.043 4.753 2.589
362 26.268 17.760 4.853 2.570
362 26.489 18.001 4.765 2.628
362 25.414 18.007 4.531 2.570
362 25.959 18.043 4.564 2.609
362 25.354 17.832 4.554 2.661
362 26.034 17.800 4.767 2.630
362 26.116 18.103 4.546 2.645
362 25.525 18.101 4.566 2.573
362 26.293 17.905 4.716 2.622
398 25.883 17.777 4.567 2.549
398 26.755 18.369 5.050 2.667
398 25.350 18.141 4.583 2.596
398 25.110 17.734 4.393 2.536
398 24.579 17.197 4.253 2.492
398 25.533 17.901 4.561 2.558
398 25.940 17.704 4.572 2.557
398 25.011 17.943 4.507 2.537
398 25.777 17.741 4.532 2.551
398 25.448 18.011 4.585 2.512
398 25.313 17.637 4.400 2.518
438 25.441 17.531 4.382 2.497
438 25.280 18.046 4.545 2.571
438 25.005 17.672 4.402 2.530
438 25.280 17.931 4.571 2.509
438 25.460 17.784 4.570 2.516
438 26.454 17.851 4.758 2.610
438 25.986 17.674 4.573 2.568
438 25.537 17.868 4.560 2.549
438 25.497 17.494 4.403 2.492
438 24.799 17.815 4.349 2.507
438 24.972 17.924 4.345 2.527
482 25.944 17.665 4.571 2.548
482 25.011 17.803 4.372 2.471
482 24.646 17.721 4.337 2.442
482 25.250 17.556 4.402 2.489
482 25.468 17.538 4.397 2.499
482 25.028 17.728 4.369 2.486
482 25.243 17.285 4.403 2.496
482 25.300 17.542 4.393 2.519
482 24.648 17.235 4.352 2.499
482 24.977 17.765 4.380 2.509
482 25.215 17.620 4.405 2.495
530 25.047 17.457 4.399 2.473
530 24.639 14.478 4.225 2.454
530 24.306 17.479 4.299 2.458
530 24.622 17.460 4.316 2.452
530 24.770 17.491 4.329 2.447
530 24.994 17.439 4.313 2.475
530 24.964 17.310 4.297 2.479
530 24.374 17.546 4.284 2.474
530 24.544 17.199 4.318 2.469
530 24.966 17.317 4.331 2.395
530 24.714 17.462 4.320 2.475
583 24.941 17.311 4.323 2.459
583 24.572 17.553 4.232 2.466
583 24.290 17.618 4.274 2.450
583 24.423 17.310 4.310 2.471
583 24.676 17.428 4.325 2.440
583 24.517 17.297 4.306 2.465
583 24.947 17.095 4.279 2.459
583 24.339 17.501 4.300 2.468
583 23.885 16.938 4.233 2.440
583 24.177 16.937 4.216 2.380
583 23.989 17.028 4.265 2.468
641 24.971 17.266 4.312 2.463
641 24.716 14.435 4.322 2.421
641 24.933 17.286 4.324 2.474
641 24.340 17.395 4.311 2.461
641 24.487 17.631 4.316 2.470
641 24.665 17.333 4.309 2.474
641 24.590 17.280 4.265 2.402
641 24.889 17.347 4.319 2.463
641 24.976 17.321 4.313 2.452
641 24.795 17.765 4.368 2.499
641 25.389 17.587 4.302 2.475
706 25.487 17.504 4.400 2.497
706 25.020 17.427 4.399 2.472
706 24.807 17.762 4.373 2.499
706 25.435 17.287 4.397 2.496
706 25.470 17.463 4.394 2.486
706 24.741 17.773 4.383 2.455
706 24.556 17.736 4.377 2.472
706 25.230 17.511 4.403 2.495
706 25.185 17.545 4.395 2.500
706 24.876 17.796 4.366 2.494
706 25.476 17.383 4.403 2.493
776 25.466 17.155 4.392 2.500
776 23.200 17.651 4.390 2.500
776 25.481 17.587 4.392 2.477
776 25.499 17.454 4.370 2.445
776 25.222 17.580 4.395 2.499
776 24.915 17.772 4.380 2.498
776 25.473 17.460 4.408 2.488
776 25.467 17.505 4.331 2.500
776 24.892 17.814 4.384 2.450
776 24.680 17.575 4.312 2.433
776 24.845 17.219 4.323 2.470
854 24.410 17.282 4.298 2.467
854 25.016 14.457 4.290 2.474
854 24.383 17.428 4.332 2.438
854 24.164 17.674 4.272 2.446
854 24.570 17.491 4.320 2.476
854 24.456 17.439 4.327 2.471
854 24.976 17.430 4.326 2.469
854 24.842 17.242 4.331 2.478
854 24.369 17.677 4.316 2.461
854 24.571 17.699 4.307 2.476
854 24.993 17.341 4.324 2.476
939 24.772 17.413 4.266 2.409
939 24.963 17.391 4.327 2.470
939 24.594 17.583 4.322 2.466
939 24.345 17.576 4.319 2.476
939 24.957 17.319 4.296 2.472
939 25.029 17.262 4.333 2.476
939 24.388 17.281 4.329 2.426
939 24.556 17.590 4.314 2.477
939 24.399 17.310 4.325 2.475
939 24.974 17.488 4.317 2.470
939 24.962 17.353 4.325 2.288
1033 23.960 17.445 4.304 2.410
1033 24.354 17.233 4.333 2.459
1033 24.671 17.319 4.317 2.466
1033 24.576 17.519 4.304 2.463
1033 24.449 17.570 4.318 2.471
1033 24.781 17.421 4.333 2.461
1033 24.960 17.264 4.333 2.469
1033 24.949 17.371 4.297 2.469
1033 24.283 17.525 4.203 2.450
1033 24.536 17.586 4.316 2.463
1033 24.351 17.669 4.292 2.359
1136 23.529 17.205 4.308 2.454
1136 24.806 17.189 4.173 2.494
1136 25.410 17.502 4.387 2.356
1136 24.918 17.358 4.279 2.417
1136 24.655 17.330 4.318 2.429
1136 24.657 17.191 4.291 2.467
1136 24.449 17.574 4.242 2.414
1136 24.562 17.545 4.271 2.399
1136 24.458 17.116 4.198 2.478
1136 24.890 17.602 4.370 2.458
1136 23.688 17.131 4.320 2.473
1250 24.773 17.365 4.320 2.458
1250 25.016 17.333 4.236 2.474
1250 24.590 17.565 4.307 2.463
1250 24.408 17.623 4.315 2.469
1250 24.770 17.271 4.320 2.444
1250 23.639 16.204 4.197 2.443
1250 25.014 17.447 4.328 2.438
1250 25.479 17.499 4.401 2.491
1250 24.888 17.771 4.388 2.500
1250 25.443 17.614 4.369 2.496
1250 25.385 17.488 4.400 2.497
1375 25.106 17.528 4.329 2.491
1375 24.827 17.707 4.392 2.482
1375 25.473 17.626 4.406 2.496
1375 25.477 17.399 4.386 2.500
1375 24.796 17.663 4.281 2.491
1375 25.035 17.262 4.342 2.492
1375 25.531 17.475 4.403 2.495
1375 25.018 17.630 4.390 2.486
1375 24.873 17.781 4.379 2.497
1375 25.519 17.587 4.189 2.491
1375 25.539 17.451 4.407 2.485
1512 24.931 17.698 4.389 2.502
1512 25.069 17.563 4.404 2.486
1512 24.972 16.813 4.300 2.502
1512 25.148 17.584 4.381 2.504
1512 24.864 17.794 4.388 2.489
1512 24.917 17.607 4.405 2.474
1512 25.515 17.452 4.403 2.501
1512 25.064 17.731 4.372 2.501
1512 25.342 17.580 4.361 2.480
1512 25.526 17.366 4.396 2.500
1512 25.112 17.517 4.380 2.500
1664 24.842 17.790 4.353 2.499
1664 25.107 17.481 4.322 2.402
1664 25.001 17.180 4.242 2.459
1664 24.864 17.436 4.319 2.475
1664 24.617 17.542 4.324 2.470
1664 24.576 17.577 4.300 2.477
1664 24.864 17.352 4.327 2.474
1664 25.040 17.314 4.342 2.462
1664 24.974 17.331 4.335 2.475
1664 24.083 17.625 4.322 2.441
1664 22.281 16.219 4.219 2.478
1830 24.385 17.663 4.298 2.475
1830 25.015 17.361 4.305 2.464
1830 24.887 17.247 4.329 2.469
1830 24.441 17.558 4.320 2.472
1830 24.590 17.652 4.310 2.458
1830 25.061 17.280 4.269 2.462
1830 24.781 17.426 4.333 2.468
1830 24.988 17.424 4.320 2.474
1830 24.590 17.524 4.317 2.478
1830 24.299 17.672 3.894 2.477
1830 24.378 16.469 4.224 2.491
2013 24.978 17.720 4.393 2.492
2013 25.489 17.572 4.401 2.496
2013 25.082 17.690 4.361 2.497
2013 25.055 17.692 4.382 2.502
2013 25.241 17.600 4.393 2.492
2013 25.512 17.518 4.392 2.501
2013 25.071 17.686 4.389 2.443
2013 24.355 16.721 4.344 2.497
2013 25.245 17.465 4.392 2.501
2013 25.123 17.680 4.401 2.389
2013 25.066 17.625 4.395 2.451
2214 24.711 17.400 4.318 2.476
2214 24.993 17.302 4.335 2.462
2214 24.950 17.242 4.235 2.447
2214 25.445 17.604 4.412 2.427
2214 25.092 17.531 4.384 2.502
2214 25.614 17.476 4.381 2.442
2214 25.384 17.470 4.297 2.436
2214 24.517 16.811 4.204 2.488
2214 25.272 17.444 4.393 2.495
2214 25.033 17.790 4.392 2.494
2214 25.484 17.497 4.389 2.496
2436 25.533 17.461 4.389 2.499
2436 24.920 17.820 4.386 2.482
2436 25.381 17.524 4.406 2.496
2436 25.192 17.493 4.407 2.481
2436 23.966 16.852 4.321 2.502
2436 24.831 17.734 4.377 2.481
2436 25.580 17.310 4.399 2.487
2436 25.487 17.475 4.349 2.409
2436 24.889 17.825 4.358 2.499
2436 24.869 17.688 4.390 2.500
2436 25.521 17.325 4.325 2.488
2679 25.361 17.545 4.410 2.491
2679 25.068 17.750 4.390 2.496
2679 25.499 17.474 4.393 2.495
2679 25.439 17.467 4.256 2.492
2679 24.835 17.228 4.245 2.481
2679 25.156 17.669 4.395 2.496
2679 25.522 17.495 4.399 2.485
2679 25.322 17.543 4.408 2.492
2679 25.158 17.764 4.394 2.479
2679 25.056 17.484 4.394 2.481
2679 25.479 17.449 4.378 2.498
2947 25.196 17.486 4.410 2.481
2947 24.528 16.841 4.294 2.502
2947 25.475 17.482 4.377 2.490
2947 25.341 17.604 4.411 2.497
2947 25.112 17.517 4.384 2.476
2947 20.394 17.483 4.316 2.478
2947 24.821 17.458 4.325 2.456
2947 25.019 17.249 4.276 2.443
2947 24.934 17.334 4.334 2.466
2947 24.428 17.678 4.323 2.453
2947 24.259 17.509 4.323 2.479
3242 24.949 17.324 4.210 2.461
3242 24.588 17.071 4.265 2.467
3242 25.031 17.243 4.319 2.469
3242 24.640 17.460 4.340 2.474
3242 24.452 17.450 4.321 2.465
3242 24.812 17.415 4.299 2.475
3242 24.757 17.382 4.341 2.388
3242 24.869 17.174 4.338 2.469
3242 24.914 17.325 4.323 2.450
3242 23.366 17.115 4.281 2.472
3242 24.587 17.535 4.291 2.475
3566 24.928 17.190 4.272 2.474
3566 24.786 17.312 4.325 2.453
3566 25.008 17.320 4.339 2.474
3566 24.288 17.436 4.330 2.473
3566 24.637 17.492 4.246 2.472
3566 24.622 17.523 4.325 2.466
3566 24.757 17.384 4.343 2.470
3566 24.823 17.435 4.328 2.477
3566 24.519 16.535 4.138 2.463
3566 24.035 17.213 4.315 2.446
3566 25.122 17.578 4.394 2.489
3923 25.506 17.440 4.384 2.497
3923 25.242 17.522 4.397 2.495
3923 25.075 17.686 4.401 2.494
3923 24.926 17.691 4.317 2.504
3923 25.217 17.593 4.414 2.497
3923 25.175 17.614 4.411 2.458
3923 24.253 17.159 4.360 2.503
3923 25.236 17.503 4.401 2.496
3923 25.242 17.605 4.403 2.396
3923 25.549 17.490 4.413 2.476
3923 25.080 17.534 4.400 2.504
4315 25.241 17.576 4.406 2.493
4315 25.506 17.444 4.300 2.494
4315 25.114 17.572 4.392 2.455
4315 24.915 17.764 4.360 2.501
4315 24.526 17.500 4.338 2.471
4315 25.548 16.519 4.273 2.450
4315 24.749 16.625 4.204 2.377
4315 25.553 17.274 4.386 2.494
4315 24.876 17.691 4.386 2.501
4315 24.940 17.821 4.388 2.499
4315 25.552 17.562 4.403 2.491
4747 25.097 17.587 4.355 2.498
4747 24.740 17.780 4.395 2.498
4747 25.239 17.552 4.403 2.459
4747 24.607 17.017 4.372 2.498
4747 24.808 17.706 4.404 2.499
4747 25.341 17.397 4.397 2.477
4747 25.452 17.506 4.408 2.494
4747 24.856 17.652 4.291 2.499
4747 25.541 17.482 4.414 2.492
4747 25.281 17.543 4.318 2.496
4747 25.087 17.703 4.400 2.491
5221 25.069 17.656 4.389 2.499
5221 25.592 17.201 4.248 2.472
5221 24.787 17.436 4.267 2.461
5221 24.277 17.208 4.273 2.476
5221 23.998 17.676 4.329 2.469
5221 24.726 17.396 4.329 2.451
5221 24.969 17.303 4.327 2.467
5221 24.686 17.415 4.330 2.470
5221 24.240 17.589 4.323 2.476
5221 24.985 17.263 4.326 2.470
5221 24.690 17.300 4.338 2.443
5744 24.061 16.703 4.277 2.453
5744 24.994 17.342 4.338 2.473
5744 24.379 17.603 4.279 2.471
5744 24.604 17.640 4.318 2.461
5744 24.089 17.316 4.331 2.469
5744 24.804 17.388 4.286 2.391
5744 24.946 17.001 4.247 2.438
5744 25.046 17.448 4.404 2.498
5744 24.786 17.719 4.383 2.490
5744 25.576 17.499 4.385 2.495
5744 25.538 17.237 4.253 2.494
6318 24.412 17.097 4.341 2.487
6318 25.177 17.785 4.378 2.483
6318 25.531 17.466 4.407 2.504
6318 25.090 17.527 4.381 2.497
6318 24.927 17.811 4.393 2.488
6318 25.516 17.597 4.389 2.486
6318 24.879 17.411 4.406 2.494
6318 25.130 17.663 4.390 2.378
6318 24.308 17.003 4.330 2.490
6318 25.601 17.477 4.395 2.498
6318 24.969 17.543 4.360 2.486
6950 24.907 17.794 4.397 2.473
6950 25.552 17.593 4.323 2.493
6950 25.561 17.222 4.402 2.490
6950 24.877 17.673 4.318 2.484
6950 25.271 17.585 4.383 2.485
6950 25.276 17.610 4.407 2.499
6950 25.131 17.689 4.375 2.500
6950 25.519 17.400 4.122 2.455
6950 24.829 17.118 4.253 2.440
6950 25.494 17.471 4.396 2.491
6950 24.780 17.749 4.390 2.498
7645 25.185 17.495 4.388 2.486
7645 25.416 17.171 4.393 2.493
7645 25.079 17.687 4.383 2.484
7645 24.838 17.801 4.389 2.494
7645 25.474 17.474 4.190 2.482
7645 24.343 16.803 4.310 2.499
7645 24.679 17.567 4.393 2.495
7645 24.931 17.751 4.384 2.462
7645 24.826 17.494 4.401 2.469
7645 25.175 16.814 4.187 2.463
7645 25.023 17.388 4.339 2.450
8409 24.304 17.565 4.184 2.469
8409 22.785 17.677 4.323 2.427
8409 24.688 17.496 4.317 2.472
8409 24.963 17.341 4.345 2.437
8409 24.842 17.330 4.217 2.415
8409 24.044 16.884 4.180 2.439
8409 24.768 17.446 4.332 2.381
8409 24.688 17.258 4.334 2.477
8409 24.431 17.633 4.328 2.467
8409 24.849 17.430 4.223 2.475
8409 25.031 17.350 4.309 2.473
9250 24.555 17.468 4.336 2.472
9250 24.571 17.667 4.319 2.430
9250 24.215 17.068 4.296 2.474
9250 24.531 17.554 4.305 2.474
9250 25.061 17.433 4.294 2.467
9250 24.961 17.278 4.331 2.460
9250 24.364 17.607 4.309 2.471
9250 24.584 17.600 4.324 2.472
9250 25.016 16.910 4.269 2.466
9250 24.797 17.413 4.339 2.470
9250 24.788 17.264 4.338 2.475
10175 24.556 17.532 4.324 2.477
10175 23.327 17.310 4.140 2.483
10175 24.699 17.448 4.364 2.495
10175 25.555 17.414 4.400 2.492
10175 25.165 17.514 4.197 2.495
10175 25.056 17.624 4.385 2.488
10175 25.085 17.580 4.397 2.496
10175 25.296 17.591 4.360 2.491
10175 25.564 17.583 4.413 2.495
10175 25.118 17.679 4.395 2.450
10175 24.173 17.004 4.385 2.431
11193 25.008 17.188 4.303 2.465
11193 24.971 17.353 4.328 2.469
11193 24.257 17.364 4.340 2.459
11193 23.762 17.122 4.285 2.450
11193 24.596 17.342 4.280 2.463
11193 24.092 17.152 4.274 2.375
11193 24.880 17.370 4.321 2.454
11193 24.479 17.398 4.322 2.472
11193 24.593 17.649 4.306 2.458
11193 24.162 16.884 4.265 2.394
11193 24.798 17.572 4.386 2.495
12312 25.555 17.587 4.389 2.493
12312 25.471 17.452 4.407 2.494
12312 24.868 17.819 4.385 2.502
12312 25.152 17.465 4.412 2.487
12312 25.567 17.460 4.368 2.441
12312 24.650 17.457 4.331 2.473
12312 24.371 17.627 4.329 2.411
12312 24.159 17.397 4.330 2.473
12312 23.661 17.447 4.317 2.469
12312 25.066 16.769 4.323 2.459
12312 24.880 17.341 4.344 2.466
13543 24.513 17.615 4.324 2.464
13543 24.632 17.526 4.312 2.460
13543 23.853 16.858 4.308 2.388
13543 24.833 17.429 4.339 2.464
13543 24.796 17.280 4.305 2.476
13543 24.979 17.296 4.334 2.435
13543 21.348 17.257 4.303 2.441
13543 24.388 17.534 4.277 2.455
13543 24.358 17.621 4.301 2.458
13543 24.911 17.227 4.317 2.458
13543 24.988 17.274 4.325 2.467
14897 24.190 17.371 4.334 2.472
14897 24.684 17.067 4.321 2.471
14897 25.019 17.308 4.333 2.470
14897 24.666 17.437 4.323 2.342
14897 25.041 17.337 4.307 2.378
14897 24.815 17.461 4.312 2.468
14897 25.013 17.319 4.154 2.476
14897 24.385 17.466 4.290 2.469
14897 24.343 17.655 4.314 2.472
14897 25.046 17.322 4.340 2.413
14897 24.782 16.854 4.340 2.460
16387 25.040 17.131 4.268 2.478
16387 24.621 17.464 4.304 2.470
16387 23.609 16.733 4.278 2.424
16387 24.190 16.562 4.256 2.326
16387 24.951 15.416 4.293 2.428
16387 25.054 17.398 4.336 2.467
16387 25.017 17.342 4.328 2.479
16387 24.552 17.488 4.314 2.476
16387 24.749 17.345 4.339 2.463
16387 24.717 17.464 4.336 2.471
16387 24.448 17.448 4.327 2.476
18026 25.032 17.363 4.291 2.376
18026 24.979 17.408 4.102 2.453
18026 24.981 17.315 4.337 2.455
18026 24.684 17.316 4.328 2.463
18026 24.986 17.154 4.306 2.471
18026 24.439 17.684 4.320 2.474
18026 24.415 17.570 4.329 2.440
18026 24.991 17.318 4.304 2.473
18026 24.688 17.360 4.326 2.463
18026 25.054 17.471 4.333 2.470
18026 24.651 17.528 4.317 2.435
19829 24.299 17.506 4.306 2.440
19829 24.374 17.429 4.309 2.447
19829 24.893 17.270 4.334 2.473
19829 24.833 17.451 4.066 2.458
19829 24.439 17.552 4.314 2.453
19829 24.592 17.429 4.325 2.464
19829 24.590 17.361 4.332 2.453
19829 24.925 17.452 4.325 2.461
19829 24.466 17.362 4.155 2.392
19829 24.229 17.563 4.317 2.451
19829 25.068 17.447 4.339 2.468
21811 24.159 16.811 4.304 2.365
21811 24.575 17.219 4.304 2.454
21811 24.982 17.286 4.332 2.455
21811 24.052 17.613 4.313 2.376
21811 24.511 17.548 4.330 2.453
21811 24.319 17.275 4.289 2.445
21811 24.454 17.639 4.310 2.466
21811 24.413 16.887 4.238 2.293
21811 23.943 17.087 4.197 2.366
21811 24.347 17.540 4.313 2.449
21811 24.487 17.485 4.329 2.469
23993 23.153 16.432 4.205 2.177
23993 23.606 16.770 4.309 2.345
23993 22.695 16.195 4.266 2.209
23993 23.624 16.641 4.302 2.326
23993 23.358 15.976 4.268 2.005
23993 22.952 16.826 4.315 2.416
23993 22.380 16.153 4.218 2.222
23993 21.912 15.737 4.226 2.225
23993 22.980 16.300 4.208 2.218
23993 23.657 16.822 4.304 2.319
23993 21.443 14.947 4.142 1.966
26392 21.191 13.987 4.055 1.847
26392 14.819 14.070 3.990 1.841
26392 19.923 13.939 3.978 1.665
26392 17.353 13.022 3.985 1.758
26392 20.005 13.751 4.050 1.821
26392 20.394 13.972 3.795 1.865
26392 19.737 13.903 4.087 1.861
26392 19.744 13.935 4.072 1.864
26392 18.092 12.897 3.802 1.705
26392 20.028 13.856 4.030 1.607
26392 21.374 13.051 4.091 1.812
29031 17.695 12.745 3.871 1.533
29031 16.598 12.327 3.579 1.505
29031 16.291 11.784 3.452 1.590
29031 18.790 13.143 3.435 1.627
29031 15.742 10.944 3.208 1.463
29031 17.543 11.810 3.507 1.492
29031 15.814 11.039 3.246 1.529
29031 16.953 11.588 3.354 1.490
29031 17.479 12.385 3.773 1.606
29031 16.331 11.873 3.345 1.527
29031 15.329 11.864 3.280 1.544
31934 13.247 10.135 2.662 1.195
31934 12.782 10.150 2.551 1.189
31934 13.731 9.911 2.439 1.265
31934 14.985 10.470 2.438 1.192
31934 13.407 10.187 2.626 1.246
31934 11.757 9.220 2.290 1.234
31934 12.147 9.285 2.548 1.277
31934 13.686 10.130 2.528 1.270
31934 13.568 9.494 2.538 1.271
31934 13.669 10.138 2.536 1.273
31934 13.722 10.174 2.592 1.234
35127 12.958 9.320 1.978 1.073
35127 10.235 8.897 1.886 1.085
35127 12.137 8.840 1.900 1.068
35127 12.177 9.053 1.885 1.104
35127 12.185 8.815 1.901 1.055
35127 12.004 9.260 1.929 1.105
35127 12.271 8.703 1.924 1.068
35127 12.332 8.977 1.916 1.107
35127 12.169 8.927 1.929 1.073
35127 11.992 9.076 1.922 1.099
35127 12.046 8.927 1.905 1.088
38640 11.101 8.273 1.560 1.025
38640 10.865 8.213 1.582 1.009
38640 10.113 8.422 1.610 1.043
38640 11.581 7.739 1.589 1.014
38640 11.428 8.345 1.590 1.002
38640 11.323 8.332 1.581 1.010
38640 10.802 8.285 1.591 1.006
38640 11.109 8.063 1.540 1.011
38640 11.099 8.122 1.594 1.014
38640 11.513 7.312 1.532 0.989
38640 11.828 8.479 1.677 1.019
42504 10.575 7.765 1.421 0.994
42504 10.716 7.916 1.417 0.992
42504 10.738 7.865 1.494 0.994
42504 10.592 7.987 1.428 0.991
42504 10.587 8.089 1.438 1.001
42504 10.603 8.031 1.418 0.996
42504 9.027 7.919 1.562 0.996
42504 10.507 8.031 1.429 0.995
42504 10.531 8.114 1.429 0.994
42504 10.559 8.085 1.422 0.998
42504 10.466 7.964 1.433 0.968
46755 10.214 7.877 1.319 0.966
46755 11.189 8.024 1.319 0.976
46755 10.016 7.879 1.332 0.971
46755 10.158 7.928 1.322 0.977
46755 10.127 7.878 1.354 0.981
46755 11.689 8.073 1.329 0.967
46755 10.121 7.867 1.330 0.967
46755 9.909 7.142 1.322 0.965
46755 11.216 8.017 1.332 0.969
46755 10.188 7.793 1.292 0.958
46755 10.176 7.840 1.314 0.968
51430 9.907 7.772 1.243 0.957
51430 9.945 7.752 1.258 0.961
51430 9.953 7.768 1.262 0.946
51430 9.991 7.748 1.258 0.961
51430 9.947 7.810 1.249 0.951
51430 9.590 7.769 1.297 0.962
51430 9.941 7.767 1.267 0.960
51430 9.928 7.759 1.257 0.961
51430 8.770 7.793 1.271 0.961
51430 9.958 7.764 1.247 0.959
51430 9.904 7.797 1.255 0.967
56573 9.688 7.746 1.215 0.942
56573 9.560 7.583 1.278 0.961
56573 9.751 7.653 1.215 0.950
56573 9.918 7.669 1.217 0.948
56573 9.810 7.685 1.310 0.952
56573 9.787 7.626 1.230 0.948
56573 10.224 7.774 1.210 0.963
56573 9.644 7.688 1.214 0.947
56573 10.835 7.956 1.236 0.957
56573 9.714 7.737 1.210 0.953
56573 9.790 7.735 1.212 0.954
62230 9.894 7.623 1.260 0.949
62230 9.291 7.717 1.171 0.943
62230 9.808 7.617 1.248 0.951
62230 9.720 7.677 1.194 0.941
62230 9.725 7.607 1.233 0.946
62230 9.589 7.622 1.192 0.943
62230 9.417 7.722 1.195 0.944
62230 11.052 7.939 1.217 0.947
62230 10.139 7.632 1.191 0.937
62230 9.766 7.728 1.234 0.931
62230 10.185 7.732 1.182 0.942
68454 10.897 7.817 1.264 0.952
68454 9.150 7.727 1.184 0.940
68454 9.737 7.741 1.195 0.954
68454 9.814 7.694 1.197 0.951
68454 9.861 7.566 1.190 0.951
68454 11.127 7.906 1.202 0.955
68454 9.674 7.743 1.218 0.954
68454 9.677 7.713 1.183 0.951
68454 9.650 7.758 1.188 0.956
68454 9.687 7.724 1.223 0.946
68454 9.708 7.731 1.188 0.952
75299 9.744 7.619 1.184 0.952
75299 9.794 7.709 1.183 0.953
75299 9.545 7.632 1.292 0.962
75299 9.734 7.664 1.203 0.949
75299 10.062 7.728 1.190 0.952
75299 9.812 7.727 1.245 0.959
75299 9.710 7.711 1.190 0.948
75299 9.807 7.695 1.183 0.956
75299 9.691 7.694 1.187 0.952
75299 9.677 7.415 1.197 0.948
75299 9.802 7.537 1.161 0.951
82829 9.216 7.677 1.186 0.954
82829 9.680 7.727 1.270 0.962
82829 9.695 7.586 1.187 0.949
82829 9.141 6.818 1.181 0.953
82829 9.420 7.691 1.185 0.940
82829 10.156 7.534 1.341 0.955
82829 9.652 7.767 1.183 0.951
82829 9.900 7.703 1.185 0.956
82829 9.789 7.724 1.262 0.953
82829 9.712 7.657 1.178 0.951
82829 9.702 7.670 1.195 0.943
91112 9.698 7.724 1.185 0.951
91112 10.533 7.804 1.226 0.956
91112 9.676 7.782 1.184 0.959
91112 9.699 7.749 1.187 0.939
91112 10.240 7.689 1.261 0.957
91112 9.763 7.732 1.186 0.955
91112 9.705 7.711 1.239 0.958
91112 9.722 7.691 1.186 0.956
91112 10.032 7.690 1.232 0.956
91112 9.756 7.710 1.192 0.956
91112 9.766 7.696 1.318 0.951
100223 11.001 7.961 1.214 0.943
100223 9.592 7.682 1.182 0.954
100223 9.850 7.750 1.249 0.955
100223 9.765 7.736 1.186 0.906
100223 10.540 7.316 1.164 0.955
100223 9.751 7.756 1.188 0.951
100223 9.688 7.730 1.182 0.954
100223 9.682 7.686 1.187 0.950
100223 9.708 7.568 1.186 0.948
100223 10.956 7.914 1.186 0.954
100223 9.615 7.456 1.194 0.956
110245 9.731 7.722 1.185 0.950
110245 8.565 7.634 1.194 0.953
110245 9.852 7.675 1.201 0.948
110245 9.784 7.627 1.191 0.929
110245 9.686 7.659 1.200 0.955
110245 9.770 7.679 1.186 0.951
110245 9.685 7.678 1.215 0.958
110245 9.761 7.708 1.179 0.951
110245 9.657 7.738 1.188 0.955
110245 9.697 7.679 1.242 0.955
110245 9.701 7.684 1.186 0.954
121270 9.796 7.719 1.177 0.954
121270 9.779 7.764 1.193 0.942
121270 9.604 7.535 1.251 0.959
121270 9.810 7.675 1.195 0.952
121270 9.682 7.734 1.185 0.952
121270 9.670 7.727 1.220 0.953
121270 9.778 7.740 1.179 0.954
121270 9.683 7.743 1.184 0.953
121270 9.724 7.689 1.186 0.955
121270 9.675 7.557 1.265 0.966
121270 9.947 7.779 1.200 0.956
133397 9.908 7.837 1.198 0.966
133397 9.856 7.844 1.240 0.971
133397 9.976 7.854 1.190 0.939
133397 9.739 7.730 1.154 0.957
133397 10.634 7.749 1.177 0.955
133397 9.540 7.417 1.214 0.949
133397 10.895 7.843 1.164 0.954
133397 9.672 7.690 1.178 0.951
133397 9.850 7.719 1.185 0.953
133397 9.663 7.714 1.183 0.943
133397 9.728 7.609 1.178 0.955
146736 9.855 7.626 1.229 0.958
146736 9.665 7.745 1.194 0.969
146736 10.341 7.750 1.202 0.956
146736 9.731 7.736 1.186 0.941
146736 9.705 7.643 1.198 0.955
146736 9.653 7.762 1.188 0.953
146736 9.710 7.732 1.151 0.936
146736 9.593 7.749 1.182 0.952
146736 10.019 7.564 1.254 0.958
146736 9.688 7.674 1.194 0.953
146736 9.717 7.704 1.189 0.957
161410 10.085 7.397 1.268 0.947
161410 9.627 7.738 1.177 0.951
161410 9.746 7.648 1.219 0.956
161410 9.709 7.724 1.186 0.918
161410 9.765 7.671 1.236 0.952
161410 9.729 7.690 1.190 0.953
161410 9.769 7.686 1.186 0.954
161410 10.191 7.534 1.293 0.939
161410 9.678 7.460 1.185 0.954
161410 9.691 7.715 1.218 0.939
161410 9.797 7.675 1.189 0.932
177551 11.002 7.758 1.336 0.951
177551 9.941 7.653 1.187 0.947
177551 9.713 7.711 1.187 0.952
177551 9.681 7.719 1.250 0.955
177551 9.686 7.755 1.185 0.949
177551 9.772 7.650 1.166 0.951
177551 9.985 7.720 1.186 0.951
177551 9.748 7.706 1.207 0.952
177551 9.955 7.729 1.186 0.950
177551 9.678 7.624 1.187 0.952
177551 9.680 7.744 1.185 0.948
195306 11.291 7.937 1.195 0.953
195306 9.696 7.696 1.185 0.940
195306 9.668 7.600 1.259 0.955
195306 9.892 7.665 1.187 0.950
195306 10.668 7.890 1.201 0.954
195306 9.873 7.705 1.187 0.952
195306 9.872 7.903 1.295 0.934
195306 10.236 7.664 1.186 0.951
195306 9.682 7.729 1.182 0.953
195306 9.753 7.593 1.253 0.936
195306 9.717 7.688 1.198 0.952
214837 10.113 7.863 1.205 0.913
214837 9.822 7.354 1.191 0.938
214837 10.031 7.665 1.197 0.936
214837 10.149 7.224 1.234 0.943
214837 9.236 7.666 1.180 0.948
214837 9.908 7.743 1.193 0.955
214837 9.857 7.666 1.195 0.943
214837 9.781 7.700 1.275 0.942
214837 9.823 7.739 1.193 0.949
214837 10.012 7.696 1.194 0.950
214837 9.665 7.591 1.187 0.946
236320 10.534 7.698 1.190 0.923
236320 9.748 7.660 1.188 0.953
236320 9.797 7.632 1.270 0.954
236320 9.857 7.706 1.193 0.948
236320 10.485 7.784 1.196 0.954
236320 9.787 7.674 1.192 0.949
236320 10.335 7.777 1.195 0.949
236320 11.090 7.860 1.212 0.949
236320 9.682 7.702 1.172 0.947
236320 9.684 7.700 1.257 0.935
236320 9.697 7.668 1.182 0.940
259952 10.337 7.750 1.247 0.946
259952 9.664 7.623 1.164 0.946
259952 9.615 7.684 1.190 0.948
259952 9.677 7.697 1.188 0.950
259952 9.725 7.740 1.187 0.951
259952 9.787 7.693 1.188 0.948
259952 9.845 7.583 1.225 0.954
259952 10.084 7.632 1.179 0.950
259952 9.767 7.587 1.186 0.950
259952 9.632 7.462 1.228 0.950
259952 9.493 7.413 1.184 0.950
285947 9.668 7.630 1.249 0.941
285947 10.307 7.766 1.196 0.920
285947 10.856 7.646 1.352 0.954
285947 9.691 7.642 1.199 0.953
285947 9.724 7.353 1.194 0.949
285947 9.888 7.744 1.190 0.952
285947 9.714 7.657 1.184 0.948
285947 9.603 7.650 1.181 0.953
285947 10.838 7.692 1.253 0.947
285947 9.607 7.720 1.185 0.950
285947 10.575 7.724 1.205 0.937
314542 9.695 7.671 1.185 0.950
314542 9.461 7.679 1.193 0.944
314542 10.608 7.690 1.249 0.951
314542 9.818 7.711 1.158 0.951
314542 9.555 7.733 1.242 0.944
314542 9.723 7.675 1.191 0.945
314542 9.726 7.639 1.243 0.951
314542 9.723 7.674 1.189 0.944
314542 9.746 7.550 1.200 0.949
314542 10.417 7.586 1.224 0.946
314542 9.647 7.715 1.185 0.950
345996 9.610 7.710 1.241 0.949
345996 8.671 7.666 1.187 0.867
345996 8.978 7.648 1.195 0.950
345996 9.895 7.689 1.189 0.936
345996 9.686 7.669 1.192 0.946
345996 9.709 7.672 1.181 0.945
345996 9.725 7.652 1.189 0.949
345996 9.471 7.674 1.191 0.937
345996 10.570 7.644 1.360 0.950
345996 9.879 7.715 1.190 0.949
345996 9.602 7.601 1.196 0.942
380596 10.830 7.843 1.187 0.933
380596 9.873 7.653 1.196 0.942
380596 10.268 7.696 1.200 0.948
380596 10.212 7.750 1.193 0.951
380596 9.970 7.511 1.201 0.939
380596 10.590 7.868 1.210 0.946
380596 9.861 7.689 1.197 0.953
380596 9.854 7.752 1.201 0.951
380596 9.434 7.725 1.233 0.945
380596 9.691 7.722 1.186 0.939
380596 9.604 7.696 1.186 0.941
418656 9.675 7.516 1.254 0.949
418656 9.754 7.593 1.191 0.935
418656 9.700 7.518 1.234 0.944
418656 9.778 7.707 1.202 0.938
418656 9.744 7.622 1.199 0.939
418656 9.017 7.221 1.205 0.921
418656 10.496 7.427 1.319 0.922
418656 9.899 7.387 1.286 0.929
418656 10.562 7.633 1.317 0.928
418656 10.546 7.613 1.329 0.899
418656 10.359 6.939 1.323 0.922
460521 10.669 7.395 1.319 0.925
460521 9.928 7.392 1.319 0.917
460521 9.806 6.959 1.308 0.913
460521 10.082 7.170 1.277 0.894
460521 10.235 7.301 1.238 0.900
460521 10.267 7.301 1.241 0.856
460521 9.814 7.043 1.245 0.906
460521 10.390 7.345 1.301 0.898
460521 9.879 7.147 1.241 0.900
460521 10.979 7.176 1.231 0.945
460521 9.738 7.686 1.177 0.949
506573 9.689 7.649 1.224 0.948
506573 9.698 7.680 1.186 0.939
506573 10.287 7.852 1.344 0.949
506573 9.714 7.664 1.190 0.948
506573 9.727 7.722 1.189 0.940
506573 9.735 7.752 1.186 0.935
506573 9.756 7.708 1.193 0.932
506573 9.712 7.582 1.192 0.949
506573 9.867 7.299 1.251 0.949
506573 9.717 7.678 1.192 0.950
506573 9.718 7.555 1.201 0.945
557231 11.009 7.730 1.273 0.951
557231 9.732 7.668 1.189 0.948
557231 9.658 7.431 1.188 0.953
557231 9.784 7.657 1.186 0.953
557231 9.696 7.657 1.188 0.952
557231 9.805 7.607 1.184 0.928
557231 10.119 7.697 1.227 0.953
557231 9.801 7.688 1.185 0.949
557231 9.522 7.532 1.191 0.953
557231 9.767 7.540 1.184 0.929
557231 9.836 7.697 1.185 0.940
612954 11.128 7.959 1.226 0.948
612954 9.819 7.664 1.155 0.943
612954 9.743 7.674 1.191 0.922
612954 9.993 7.566 1.314 0.928
612954 9.712 7.685 1.184 0.937
612954 9.643 7.669 1.243 0.940
612954 10.800 7.869 1.202 0.946
612954 9.852 7.709 1.190 0.947
612954 9.644 7.664 1.182 0.950
612954 9.599 7.692 1.191 0.941
612954 11.192 7.961 1.219 0.948
674249 9.661 7.668 1.186 0.945
674249 9.715 7.696 1.187 0.945
674249 11.100 7.879 1.203 0.949
674249 9.801 7.669 1.184 0.939
674249 9.925 7.659 1.265 0.933
674249 10.049 7.663 1.183 0.948
674249 9.758 7.685 1.185 0.944
674249 9.644 7.702 1.193 0.924
674249 11.051 7.669 1.222 0.948
674249 9.716 7.672 1.186 0.948
674249 9.751 7.685 1.181 0.942
741674 10.910 7.882 1.207 0.943
741674 9.692 7.671 1.188 0.944
741674 10.233 7.660 1.234 0.947
741674 9.648 7.693 1.183 0.946
741674 9.774 7.716 1.180 0.950
741674 9.818 7.681 1.208 0.951
741674 9.651 7.666 1.192 0.945
741674 9.482 7.609 1.200 0.930
741674 9.845 7.560 1.281 0.948
741674 9.683 7.735 1.190 0.935
741674 10.888 7.763 1.269 0.928
815842 9.741 7.660 1.186 0.947
815842 9.623 7.691 1.185 0.947
815842 9.668 7.671 1.214 0.952
815842 9.832 7.656 1.188 0.938
815842 9.780 7.610 1.188 0.938
815842 10.786 7.738 1.180 0.942
815842 9.778 7.666 1.179 0.941
815842 11.147 7.819 1.202 0.947
815842 9.984 7.630 1.190 0.940
815842 9.692 7.693 1.189 0.926
815842 11.007 7.892 1.197 0.945
897426 9.700 7.673 1.180 0.948
897426 9.774 7.679 1.213 0.947
897426 9.836 7.642 1.187 0.944
897426 10.850 7.815 1.195 0.948
897426 9.719 7.685 1.188 0.946
897426 9.906 7.690 1.195 0.940
897426 9.728 7.690 1.182 0.949
897426 9.719 7.558 1.216 0.945
897426 10.357 7.683 1.244 0.940
897426 9.752 7.666 1.190 0.940
897426 9.727 7.691 1.189 0.934
987168 9.818 7.697 1.205 0.955
987168 10.039 7.651 1.208 0.929
987168 9.678 7.645 1.182 0.946
987168 9.780 7.630 1.192 0.947
987168 9.725 7.633 1.188 0.928
987168 10.447 7.711 1.211 0.948
987168 9.826 7.679 1.190 0.946
987168 9.765 7.624 1.202 0.936
987168 9.707 7.636 1.187 0.939
987168 9.709 7.692 1.193 0.933
987168 9.675 7.546 1.190 0.931
