9 22.041 15.629 20.010 22.676
9 46.651 27.930 30.779 30.314
9 54.399 30.224 30.748 30.161
9 56.749 30.321 30.787 30.161
9 56.738 30.343 30.783 30.315
9 54.472 30.338 30.750 30.126
9 54.290 30.209 30.768 30.218
9 56.747 30.340 30.783 30.045
9 54.406 30.340 30.768 30.014
9 56.694 30.346 30.768 30.292
9 56.746 27.224 29.566 30.043
10 54.485 29.853 30.689 30.324
10 54.483 29.484 30.725 30.194
10 54.552 29.710 30.725 30.259
10 54.540 29.859 30.718 30.323
10 54.553 29.874 30.739 30.265
10 54.605 29.591 30.726 30.252
10 52.578 29.680 30.683 30.265
10 54.364 29.405 30.705 30.281
10 54.324 29.745 30.700 30.295
10 54.459 29.599 30.699 30.318
10 52.632 29.862 30.680 30.300
11 54.390 30.217 30.665 30.070
11 56.693 30.226 30.670 30.098
11 56.763 30.328 30.599 30.062
11 56.769 30.329 30.639 30.081
11 56.666 30.125 30.668 30.106
11 56.672 29.849 30.616 30.249
11 54.344 30.173 30.570 30.200
11 56.751 30.175 30.661 28.280
11 50.968 28.798 30.650 30.296
11 54.411 30.236 30.633 30.264
11 56.659 30.269 30.637 30.127
12 56.782 30.351 30.384 29.835
12 56.717 30.273 30.190 29.722
12 56.807 30.350 30.064 30.035
12 56.771 30.125 30.461 29.535
12 56.766 30.292 30.372 29.584
12 56.782 30.352 30.185 29.782
12 56.640 30.204 30.075 29.788
12 56.656 29.749 30.154 29.696
12 54.404 30.166 30.361 29.516
12 54.988 30.203 30.172 29.640
12 56.836 30.331 30.181 29.468
13 56.705 30.255 30.140 29.810
13 56.684 30.209 30.261 29.884
13 56.794 30.186 30.204 29.796
13 56.747 29.887 30.093 29.318
13 54.499 30.216 30.219 29.994
13 54.453 30.276 30.233 29.908
13 56.782 30.353 30.190 30.079
13 56.780 30.355 30.083 29.883
13 56.611 30.204 30.207 29.945
13 54.513 30.175 29.982 29.767
13 49.494 28.602 30.031 29.934
14 56.703 30.235 30.238 29.943
14 56.704 29.816 30.244 29.933
14 56.671 30.210 30.244 30.020
14 55.767 30.312 30.276 30.045
14 55.730 30.241 30.266 29.512
14 56.794 30.309 30.239 29.749
14 56.719 30.241 30.238 29.948
14 57.048 30.356 30.202 29.650
14 54.466 30.352 30.281 30.037
14 56.780 29.950 30.243 29.984
14 56.705 29.895 30.185 30.028
16 56.857 30.331 30.252 29.791
16 56.719 30.040 30.222 29.933
16 54.330 30.176 30.167 29.871
16 54.418 30.215 30.274 29.811
16 56.531 30.221 30.269 29.695
16 56.781 29.960 30.194 30.087
16 56.810 30.199 30.130 29.712
16 56.660 30.239 30.257 29.733
16 56.709 30.235 30.222 29.907
16 56.717 30.237 30.232 29.694
16 56.614 30.239 30.258 30.036
17 54.448 30.194 30.255 29.949
17 56.652 29.802 30.239 30.075
17 56.722 30.218 30.222 30.084
17 56.092 30.063 30.232 29.881
17 55.343 29.459 30.236 29.672
17 56.714 30.235 30.189 29.991
17 55.548 29.442 27.219 28.949
17 56.711 30.237 30.227 29.607
17 56.790 30.354 30.255 30.095
17 54.711 30.312 30.205 30.059
17 54.509 30.334 30.201 29.978
19 54.555 29.336 29.958 24.952
19 55.396 30.078 30.229 29.337
19 55.099 30.008 30.208 29.110
19 54.407 26.248 29.021 25.259
19 55.138 29.783 30.050 26.056
19 54.343 29.282 30.257 30.131
19 55.166 29.664 30.191 30.125
19 54.889 29.193 30.089 30.128
19 54.260 29.259 30.031 30.089
19 55.313 29.998 30.164 30.119
19 55.216 30.009 30.221 30.105
21 53.532 29.095 30.114 25.301
21 53.384 29.943 30.225 29.942
21 52.829 30.036 30.210 29.915
21 54.140 29.407 29.929 26.497
21 54.939 29.111 30.220 30.149
21 52.310 30.013 30.180 26.818
21 54.377 29.168 30.126 27.983
21 53.012 29.967 30.226 26.745
21 55.067 29.257 29.979 25.380
21 54.421 28.977 30.031 25.254
21 54.366 29.452 30.220 29.869
23 56.398 29.437 29.984 25.362
23 54.682 30.320 30.042 25.515
23 55.648 29.630 29.856 25.663
23 54.564 29.793 30.177 27.894
23 55.993 29.509 29.929 25.532
23 55.428 29.482 29.748 26.049
23 54.573 30.160 29.943 25.393
23 56.719 30.008 30.252 30.144
23 56.137 29.827 29.996 25.147
23 54.527 30.278 30.006 25.249
23 55.866 29.937 29.332 29.947
25 54.698 29.013 29.833 25.265
25 55.889 29.683 29.989 29.457
25 54.537 29.277 30.136 23.163
25 50.987 28.914 30.210 30.168
25 54.929 26.951 28.626 25.813
25 54.767 29.897 30.216 24.268
25 49.752 29.230 30.019 25.688
25 55.022 29.402 29.980 25.718
25 53.753 29.623 30.173 29.296
25 55.442 29.471 30.176 26.085
25 54.919 29.217 29.894 25.380
28 55.045 29.367 29.950 26.246
28 53.859 29.397 30.033 26.254
28 54.864 29.321 29.938 25.752
28 54.937 29.509 30.109 25.204
28 55.007 29.299 29.888 25.005
28 54.906 29.180 30.135 25.198
28 55.177 29.335 29.957 25.130
28 54.998 29.642 29.975 25.729
28 54.521 29.467 29.888 25.532
28 54.913 29.380 30.097 25.204
28 53.422 29.577 29.938 24.920
30 52.676 29.418 30.170 25.992
30 53.398 29.507 29.958 25.422
30 55.035 29.526 29.921 25.711
30 55.100 29.581 29.838 25.453
30 54.721 29.407 29.908 25.496
30 53.262 29.509 30.027 25.559
30 55.545 29.422 30.171 25.145
30 53.673 29.288 30.047 25.228
30 55.052 29.141 29.954 25.693
30 53.102 29.698 29.892 25.429
30 53.762 29.553 30.133 25.500
33 49.556 28.044 21.503 12.320
33 49.446 28.040 21.350 12.427
33 48.924 27.815 22.743 12.732
33 49.789 28.581 21.654 13.601
33 48.767 27.944 21.627 12.454
33 46.867 28.049 21.484 12.658
33 49.510 28.607 21.660 13.616
33 49.165 28.021 21.550 12.152
33 49.538 28.445 21.635 13.601
33 49.117 27.773 21.402 12.680
33 48.754 27.856 21.209 12.543
37 39.454 26.776 13.674 4.796
37 39.515 26.837 13.674 4.796
37 39.732 26.832 13.678 4.837
37 39.643 26.920 13.695 4.837
37 39.331 26.806 13.692 4.812
37 39.878 26.846 13.730 4.799
37 39.883 26.743 13.714 4.836
37 39.751 26.923 13.677 4.833
37 39.723 26.828 13.712 4.793
37 39.629 26.853 13.689 4.818
37 39.829 26.903 13.691 4.812
40 39.588 26.755 13.716 4.761
40 39.934 26.912 13.682 4.824
40 39.620 26.826 13.756 4.844
40 39.616 26.889 13.715 4.779
40 39.913 26.934 13.670 4.807
40 39.858 26.831 13.746 4.844
40 39.723 26.861 13.729 4.744
40 39.804 26.902 13.751 4.828
40 39.973 26.884 13.707 4.769
40 39.786 26.898 13.740 4.826
40 39.816 26.882 13.717 4.784
44 39.774 26.802 13.765 4.795
44 39.795 26.927 13.719 4.772
44 39.598 26.921 13.744 4.817
44 39.783 26.916 13.741 4.780
44 39.337 26.781 13.744 4.724
44 39.721 26.917 13.739 4.803
44 39.538 26.797 13.730 4.811
44 39.820 26.943 13.704 4.815
44 39.754 26.886 13.743 4.825
44 39.924 26.934 13.740 4.790
44 39.645 26.624 13.708 4.810
49 39.608 26.841 13.726 4.691
49 39.711 26.783 13.756 4.780
49 39.877 26.877 13.753 4.826
49 39.634 26.823 13.735 4.761
49 39.835 26.848 13.780 4.815
49 39.995 26.912 13.784 4.738
49 40.023 26.919 13.750 4.750
49 40.012 26.902 13.771 4.710
49 39.919 26.886 13.759 4.656
49 39.420 26.810 13.761 4.693
49 39.752 26.848 13.757 4.799
54 39.860 26.816 13.783 4.683
54 39.851 26.761 13.779 4.733
54 39.732 26.867 13.799 4.690
54 39.890 26.867 13.748 4.758
54 39.902 26.924 13.782 4.793
54 39.724 26.855 13.795 4.769
54 39.841 26.890 13.788 4.710
54 39.908 26.928 13.785 4.794
54 39.909 26.837 13.793 4.822
54 39.976 26.862 13.777 4.813
54 39.856 26.853 13.777 4.747
59 38.213 25.481 13.087 4.525
59 37.952 25.505 13.080 4.565
59 39.884 26.924 13.813 4.702
59 39.941 26.955 13.770 4.809
59 39.876 26.914 13.827 4.675
59 39.894 26.906 13.790 4.806
59 39.606 26.872 13.766 4.781
59 39.920 26.848 13.798 4.819
59 39.945 26.892 13.798 4.777
59 40.031 26.889 13.769 4.779
59 39.884 26.801 13.786 4.756
65 39.880 26.920 13.795 4.796
65 39.844 26.835 13.790 4.775
65 39.954 26.947 13.782 4.809
65 40.067 26.949 13.811 4.775
65 39.887 26.894 13.809 4.669
65 39.913 26.859 13.815 4.775
65 39.950 26.861 13.808 4.802
65 39.830 26.874 13.797 4.805
65 40.029 26.778 13.811 4.756
65 39.852 26.853 13.784 4.814
65 39.857 26.837 13.792 4.776
72 39.708 26.830 13.842 4.740
72 39.747 26.895 13.845 4.710
72 37.605 25.505 13.111 4.511
72 39.156 26.891 13.829 4.787
72 39.790 26.856 13.807 4.802
72 39.628 26.864 13.831 4.657
72 39.805 26.869 13.840 4.692
72 39.436 26.871 13.830 4.640
72 39.760 26.826 13.859 4.661
72 39.539 26.808 13.860 4.614
72 39.683 26.745 13.825 4.733
79 39.900 26.864 13.831 4.712
79 39.873 26.859 13.837 4.709
79 39.638 26.843 13.825 4.663
79 39.355 26.777 13.811 4.681
79 39.772 26.768 13.852 4.667
79 39.703 26.729 13.872 4.555
79 39.907 26.894 13.862 4.718
79 39.888 26.846 13.824 4.749
79 39.766 26.831 13.814 4.753
79 39.694 26.829 13.836 4.785
79 39.825 26.874 13.851 4.770
87 39.817 26.792 13.879 4.619
87 39.609 26.829 13.872 4.628
87 39.789 26.896 13.862 4.671
87 39.795 26.781 13.856 4.713
87 39.806 26.755 13.827 4.673
87 39.825 26.832 13.844 4.679
87 39.730 26.767 13.863 4.672
87 39.807 26.856 13.867 4.679
87 39.753 26.897 13.851 4.734
87 39.636 26.770 13.847 4.784
87 39.595 26.860 13.854 4.709
95 39.794 26.839 13.863 4.775
95 39.946 26.902 13.858 4.752
95 39.436 26.785 13.865 4.648
95 39.762 26.783 13.898 4.616
95 36.910 26.516 12.079 4.529
95 35.740 26.122 11.086 4.462
95 39.817 26.810 13.891 4.589
95 39.577 26.838 13.860 4.618
95 39.556 26.818 13.857 4.654
95 39.777 26.856 13.856 4.720
95 39.840 26.864 13.888 4.782
105 39.647 26.834 13.877 4.676
105 39.810 26.850 13.893 4.679
105 39.761 26.856 13.875 4.702
105 39.680 26.790 13.853 4.685
105 39.968 26.752 13.889 4.648
105 39.879 26.884 13.871 4.669
105 39.712 26.791 13.881 4.672
105 39.946 26.775 13.883 4.682
105 39.904 26.865 13.869 4.668
105 39.753 26.847 13.871 4.665
105 39.599 26.844 13.862 4.678
115 39.921 26.846 13.906 4.668
115 39.871 26.774 13.884 4.717
115 39.724 26.858 13.903 4.651
115 39.794 26.871 13.876 4.659
115 39.884 26.864 13.887 4.635
115 39.744 26.837 13.898 4.590
115 39.672 26.793 13.870 4.623
115 39.834 26.824 13.894 4.606
115 39.673 26.817 13.899 4.652
115 39.737 26.816 13.903 4.621
115 39.796 26.831 13.877 4.674
127 39.756 26.819 13.896 4.599
127 39.796 26.854 13.908 4.615
127 39.748 26.859 13.906 4.611
127 39.749 26.773 13.912 4.582
127 39.668 26.809 13.896 4.598
127 39.735 26.881 13.885 4.624
127 39.814 26.880 13.891 4.689
127 39.841 26.818 13.915 4.659
127 39.788 26.807 13.886 4.673
127 39.790 26.801 13.917 4.663
127 39.887 26.790 13.911 4.584
140 39.706 26.709 13.925 4.592
140 38.925 26.744 12.866 4.598
140 39.795 26.802 13.903 4.584
140 39.758 26.771 13.939 4.582
140 39.757 26.869 13.918 4.647
140 39.660 26.852 13.904 4.601
140 39.791 26.881 13.907 4.665
140 39.846 26.789 13.867 4.621
140 39.752 26.848 13.940 4.623
140 39.784 26.830 13.922 4.637
140 39.866 26.746 13.921 4.630
154 39.728 26.744 13.919 4.566
154 39.648 26.648 13.909 4.588
154 39.881 26.853 13.923 4.648
154 39.689 26.829 13.920 4.635
154 37.495 26.443 12.493 4.559
154 39.652 26.694 13.870 4.583
154 39.649 26.839 13.877 4.608
154 39.805 26.759 13.897 4.576
154 39.671 26.787 13.938 4.556
154 35.000 24.804 11.471 4.461
154 34.600 25.568 8.995 4.401
169 36.799 25.931 9.759 4.442
169 36.743 25.884 9.790 4.445
169 37.072 26.044 11.468 4.473
169 37.500 26.308 12.654 4.537
169 34.752 25.623 10.944 4.436
169 35.588 26.087 11.822 4.494
169 39.708 26.874 13.886 4.625
169 36.835 26.196 11.694 4.521
169 39.746 26.852 13.945 4.595
169 37.534 26.569 12.623 4.583
169 36.648 25.913 9.635 4.479
186 37.166 26.134 11.403 4.434
186 36.898 25.910 9.674 4.485
186 37.539 26.342 12.131 4.515
186 37.386 26.365 12.160 4.544
186 37.266 26.118 11.280 4.465
186 37.339 26.166 11.385 4.431
186 37.606 26.264 12.087 4.486
186 37.407 26.205 11.584 4.485
186 37.443 26.059 11.361 4.461
186 36.141 26.361 11.967 4.461
186 36.086 26.248 11.525 4.398
204 35.582 26.075 11.183 4.406
204 35.590 25.694 10.786 4.362
204 35.647 25.747 9.872 4.392
204 37.326 26.051 10.411 4.430
204 37.487 26.105 11.568 4.431
204 35.968 25.985 11.252 4.402
204 35.998 26.212 11.622 4.423
204 37.771 26.546 12.371 4.485
204 36.705 26.454 12.018 4.474
204 34.532 25.995 11.201 4.401
204 35.402 25.716 10.376 4.385
225 35.436 25.443 8.778 4.387
225 35.606 25.558 8.984 4.388
225 34.159 25.485 8.467 4.384
225 33.184 25.491 9.082 4.368
225 33.090 25.491 9.022 4.357
225 33.229 25.465 9.022 4.300
225 34.588 25.637 9.770 4.399
225 33.014 25.488 9.044 4.364
225 33.049 25.489 8.193 4.372
225 35.658 25.618 9.641 4.406
225 34.682 25.524 9.493 4.382
247 32.975 25.429 8.738 4.328
247 33.765 25.863 11.088 4.447
247 33.523 25.592 9.096 4.376
247 33.123 25.350 8.181 4.331
247 33.057 25.495 8.111 4.380
247 34.631 25.511 8.531 4.397
247 35.879 25.755 10.607 4.422
247 32.123 25.266 8.832 4.311
247 34.116 25.755 9.402 4.402
247 33.737 25.571 9.381 4.410
247 33.382 25.567 8.780 4.338
272 32.705 25.639 9.190 4.367
272 30.971 25.091 8.384 4.237
272 32.233 25.391 8.720 4.268
272 32.171 25.335 8.616 4.309
272 32.023 25.390 7.948 4.317
272 31.464 25.131 6.982 4.167
272 32.012 25.279 8.010 4.315
272 33.177 25.405 8.110 4.301
272 31.920 25.249 7.920 4.282
272 32.947 25.428 7.688 4.357
272 32.209 25.373 8.736 4.306
299 30.963 24.962 7.278 4.156
299 31.171 25.045 7.252 4.234
299 30.956 25.015 8.020 4.251
299 31.179 25.017 7.774 4.175
299 31.589 25.008 6.758 4.137
299 30.949 24.978 7.380 4.243
299 31.673 25.130 6.737 4.253
299 30.760 25.006 6.662 4.213
299 30.459 24.923 6.242 4.178
299 30.497 24.886 6.268 4.160
299 30.981 24.887 6.959 4.232
329 30.449 24.699 6.683 4.001
329 29.155 24.474 6.024 4.060
329 29.934 24.693 6.399 4.023
329 30.517 24.736 6.756 4.023
329 30.467 24.753 6.639 4.035
329 30.152 24.642 6.782 4.021
329 29.730 24.606 6.115 4.046
329 30.366 24.875 6.834 4.145
329 31.081 24.890 6.884 4.150
329 30.927 24.913 6.609 4.141
329 31.035 24.919 6.997 4.078
362 29.450 24.360 6.214 3.938
362 29.472 24.090 6.008 3.792
362 29.404 24.358 6.613 3.818
362 29.608 24.511 6.611 3.895
362 29.599 24.541 6.120 3.909
362 29.082 24.541 5.967 3.884
362 29.227 24.482 5.901 3.911
362 28.941 24.394 5.685 3.845
362 28.874 24.375 5.673 3.859
362 28.864 24.356 5.483 3.867
362 29.518 23.445 5.649 3.647
398 28.913 23.483 5.799 3.522
398 28.529 23.716 5.490 3.545
398 28.452 23.676 5.432 3.530
398 28.607 23.741 5.410 3.549
398 28.738 23.852 5.624 3.583
398 29.068 23.718 5.650 3.520
398 29.086 23.822 5.648 3.539
398 29.081 23.937 5.684 3.555
398 28.801 23.937 5.631 3.544
398 29.780 23.614 5.950 3.544
398 29.165 23.663 5.617 3.537
438 28.481 23.444 5.486 3.510
438 28.423 23.486 5.404 3.479
438 28.522 23.519 5.430 3.466
438 28.501 23.396 5.420 3.416
438 28.473 23.467 5.397 3.469
438 28.566 23.349 5.420 3.428
438 28.468 23.403 5.419 3.417
438 28.645 23.342 5.441 3.486
438 28.575 23.483 5.574 3.460
438 28.446 23.429 5.389 3.485
438 28.351 23.491 5.390 3.496
482 28.284 23.199 5.349 3.367
482 28.316 23.087 5.353 3.378
482 28.530 23.421 5.430 3.435
482 28.114 23.093 5.334 3.367
482 28.212 23.447 5.348 3.425
482 28.389 23.247 5.372 3.376
482 28.420 23.259 5.381 3.408
482 28.562 23.275 5.402 3.409
482 28.478 23.331 5.417 3.393
482 28.562 23.272 5.425 3.384
482 28.594 23.315 5.438 3.418
530 28.414 23.070 5.408 3.356
530 28.316 23.143 5.360 3.354
530 28.508 23.095 5.404 3.361
530 28.111 23.164 5.367 3.399
530 28.420 23.117 5.406 3.365
530 28.091 22.869 5.324 3.335
530 28.227 23.073 5.334 3.359
530 28.436 23.012 5.280 3.353
530 28.194 23.090 5.358 3.317
530 26.700 21.850 5.196 3.369
530 28.100 23.204 5.326 3.369
583 28.065 22.941 5.225 3.313
583 27.916 22.506 5.040 3.232
583 26.608 22.203 5.213 3.333
583 27.489 22.969 5.109 3.276
583 26.617 22.705 5.049 3.187
583 28.140 22.863 5.298 3.259
583 26.633 21.616 5.002 3.289
583 27.919 22.842 5.221 3.292
583 28.043 22.962 5.222 3.294
583 27.917 22.806 5.219 3.280
583 27.901 22.820 5.219 3.280
641 27.658 22.769 5.222 3.277
641 27.993 22.696 5.222 3.267
641 28.028 22.814 5.221 3.279
641 27.923 22.663 5.219 3.271
641 27.936 22.826 5.219 3.280
641 27.927 22.803 5.221 3.287
641 27.930 22.673 5.219 3.265
641 27.998 22.805 5.218 3.273
641 27.915 22.804 5.219 3.279
641 28.014 22.360 5.181 3.238
641 27.576 21.627 5.043 3.207
706 27.544 22.744 5.198 3.238
706 26.578 22.266 5.060 3.225
706 27.879 22.687 5.009 3.111
706 27.907 22.189 5.151 3.214
706 27.881 22.753 5.220 3.274
706 27.889 22.610 5.220 3.262
706 27.924 22.787 5.219 3.281
706 28.009 22.653 5.219 3.264
706 27.913 22.679 5.221 3.267
706 28.004 22.676 5.219 3.264
706 27.930 22.676 5.216 3.264
776 27.986 22.648 5.221 3.266
776 27.942 22.659 5.222 3.264
776 27.926 22.665 5.218 3.263
776 27.989 22.699 5.218 3.264
776 27.989 22.682 5.220 3.264
776 27.925 22.649 5.222 3.267
776 27.934 22.670 5.220 3.267
776 27.995 22.672 5.220 3.267
776 27.876 22.656 5.221 3.267
776 27.981 22.692 5.222 3.266
776 27.927 22.700 5.220 3.268
854 27.917 22.682 5.220 3.269
854 27.907 22.665 5.109 3.206
854 27.918 22.659 5.222 3.264
854 27.891 22.679 5.219 3.265
854 28.012 22.671 5.219 3.187
854 27.929 22.238 4.983 3.256
854 27.532 21.495 4.946 3.107
854 28.031 22.673 5.191 3.232
854 27.986 22.692 5.108 3.235
854 27.908 22.659 4.954 3.139
854 28.007 22.660 5.221 3.265
939 27.910 22.644 5.219 3.266
939 27.977 22.651 5.222 3.263
939 28.018 22.687 5.219 3.265
939 27.619 22.657 5.219 3.265
939 27.973 22.690 5.216 3.264
939 27.902 22.669 5.222 3.263
939 27.985 22.672 5.220 3.168
939 26.601 21.488 5.069 3.143
939 26.603 22.293 5.196 3.211
939 27.926 22.573 5.186 3.255
939 27.890 22.579 5.218 3.265
1033 27.881 22.658 5.219 3.264
1033 27.958 22.650 5.219 3.263
1033 27.871 22.667 5.220 3.263
1033 27.884 22.676 5.218 3.266
1033 27.887 22.625 5.220 3.262
1033 28.013 21.951 5.086 3.263
1033 27.960 22.658 5.221 3.263
1033 27.962 22.686 5.219 3.265
1033 27.879 22.659 5.217 3.265
1033 27.963 22.698 5.215 3.263
1033 27.968 22.692 5.219 3.264
1136 27.486 22.655 5.218 3.264
1136 28.010 22.678 5.219 3.264
1136 27.953 22.654 5.221 3.263
1136 28.004 22.662 5.217 3.265
1136 28.010 22.650 5.220 3.264
1136 27.968 22.684 5.221 3.263
1136 27.890 22.659 5.218 3.263
1136 27.927 22.656 5.218 3.264
1136 27.979 22.629 5.216 3.264
1136 27.986 22.618 5.220 3.263
1136 27.958 22.688 5.220 3.263
1250 28.037 22.684 5.218 3.264
1250 27.748 22.681 5.218 3.264
1250 27.999 22.656 5.221 3.264
1250 28.006 22.679 5.216 3.266
1250 28.025 22.661 5.221 3.265
1250 27.892 22.663 5.219 3.265
1250 27.907 22.651 5.021 3.263
1250 28.011 22.681 5.219 3.262
1250 28.018 22.658 5.217 3.264
1250 27.894 22.663 5.214 3.262
1250 26.469 21.504 5.019 3.213
1375 19.815 18.787 5.135 3.149
1375 27.924 22.244 5.213 3.182
1375 27.111 22.512 5.208 3.253
1375 27.131 22.681 5.191 3.255
1375 27.905 22.645 5.216 3.263
1375 27.905 22.671 5.222 3.264
1375 27.926 22.665 5.220 3.263
1375 27.885 22.640 5.222 3.262
1375 27.933 22.666 5.216 3.264
1375 27.988 22.640 5.219 3.264
1375 27.934 22.660 5.220 3.265
1512 27.882 22.672 5.218 3.265
1512 27.916 22.694 5.216 3.265
1512 27.912 22.684 5.220 3.263
1512 27.922 22.681 5.220 3.264
1512 27.899 22.688 5.218 3.266
1512 28.038 22.561 5.222 3.264
1512 27.911 22.670 5.220 3.264
1512 27.898 22.663 5.222 3.254
1512 28.002 22.681 5.096 3.170
1512 28.004 21.570 5.154 3.224
1512 27.869 22.673 5.196 3.223
1664 26.605 21.499 5.022 3.123
1664 26.602 21.503 5.166 3.247
1664 27.870 22.210 5.183 3.162
1664 27.910 22.683 5.219 3.264
1664 27.993 22.682 5.219 3.265
1664 27.933 22.644 5.216 3.264
1664 27.931 22.631 5.221 3.263
1664 28.037 22.687 5.222 3.264
1664 27.957 22.676 5.219 3.265
1664 28.013 22.656 5.220 3.264
1664 28.039 22.673 5.222 3.263
1830 27.912 22.652 5.218 3.266
1830 27.930 22.619 5.219 3.264
1830 27.902 22.632 5.221 3.265
1830 27.970 22.702 5.220 3.264
1830 28.015 22.697 5.220 3.265
1830 27.866 22.650 5.218 3.265
1830 27.914 22.657 5.218 3.262
1830 27.894 22.689 5.218 3.265
1830 27.901 22.664 5.216 3.265
1830 27.901 22.672 5.217 3.263
1830 27.930 22.661 5.221 3.264
2013 27.406 22.593 5.218 3.264
2013 28.001 22.661 5.220 3.253
2013 28.005 22.676 5.213 3.264
2013 27.871 22.667 5.193 3.118
2013 27.831 22.635 5.218 3.263
2013 28.021 22.672 5.218 3.264
2013 28.004 22.677 5.219 3.263
2013 27.914 22.675 5.221 3.263
2013 28.026 22.662 5.218 3.264
2013 27.989 22.656 5.218 3.264
2013 27.894 22.655 5.221 3.264
2214 27.760 22.533 5.207 3.261
2214 27.688 22.525 5.211 3.262
2214 27.707 22.536 5.209 3.263
2214 27.761 22.532 5.210 3.261
2214 27.765 22.569 5.209 3.259
2214 27.769 22.535 5.207 3.262
2214 27.685 22.539 5.207 3.260
2214 27.676 22.534 5.211 3.260
2214 27.761 22.535 5.207 3.262
2214 27.623 22.519 5.210 3.227
2214 27.681 22.507 5.010 3.260
2436 26.829 22.411 5.201 3.256
2436 27.543 22.433 5.204 3.248
2436 27.821 22.441 5.134 3.096
2436 27.045 22.316 5.045 3.152
2436 27.544 21.640 4.931 3.134
2436 27.198 21.789 5.089 3.108
2436 26.738 22.342 5.087 3.176
2436 27.808 22.597 5.047 3.253
2436 27.528 22.411 5.200 3.258
2436 27.521 22.385 5.199 3.256
2436 27.449 22.413 5.204 3.257
2679 27.002 22.358 5.198 3.256
2679 27.377 22.322 5.197 3.254
2679 27.339 22.285 5.202 3.255
2679 27.378 22.329 5.202 3.254
2679 27.449 22.341 5.202 3.256
2679 27.415 22.313 5.199 3.257
2679 27.436 22.316 5.200 3.256
2679 27.351 22.322 5.172 3.255
2679 27.406 22.363 5.198 3.257
2679 27.337 22.346 5.197 3.255
2679 27.390 22.359 5.201 3.255
2947 19.467 18.589 5.136 3.258
2947 27.430 22.338 5.200 3.256
2947 27.394 22.348 5.200 3.254
2947 28.154 22.693 5.222 3.264
2947 28.297 22.714 5.223 3.188
2947 26.856 22.524 5.221 3.266
2947 27.341 22.277 5.199 3.254
2947 27.464 22.328 5.201 3.244
2947 28.267 22.674 5.013 3.227
2947 27.309 22.331 5.173 3.242
2947 28.191 22.218 5.175 3.141
3242 27.342 22.691 5.179 3.153
3242 26.838 21.514 5.034 3.139
3242 26.002 21.419 5.177 3.182
3242 27.392 22.340 5.199 3.256
3242 28.183 22.701 5.221 3.265
3242 28.234 22.666 5.219 3.267
3242 27.375 22.304 5.200 3.256
3242 28.172 22.710 5.221 3.264
3242 27.436 22.009 5.195 3.257
3242 27.461 22.367 5.198 3.256
3242 27.400 22.348 5.200 3.253
3566 28.124 22.644 5.220 3.265
3566 28.106 22.659 5.218 3.266
3566 27.278 22.328 5.201 3.255
3566 27.422 22.362 5.199 3.256
3566 27.411 22.350 5.199 3.255
3566 28.248 22.699 5.220 3.265
3566 27.407 22.311 5.199 3.256
3566 27.336 22.120 5.200 3.256
3566 28.186 22.686 5.219 3.266
3566 28.191 22.696 5.221 3.264
3566 28.190 22.707 5.221 3.265
3923 28.172 22.661 5.222 3.264
3923 28.211 22.698 5.217 3.266
3923 28.101 22.606 5.221 3.265
3923 28.149 22.681 5.220 3.265
3923 27.155 22.336 5.202 3.257
3923 27.338 22.343 5.199 3.257
3923 28.172 22.681 5.222 3.265
3923 28.128 22.674 5.222 3.265
3923 28.104 22.666 5.219 3.267
3923 28.166 22.681 5.222 3.266
3923 27.468 22.354 5.201 3.256
4315 28.180 22.678 5.222 3.265
4315 28.383 22.705 5.221 3.266
4315 27.981 22.606 5.212 3.264
4315 27.920 22.561 5.214 3.261
4315 27.953 22.603 5.215 3.262
4315 27.990 22.596 5.214 3.263
4315 28.039 22.611 5.213 3.262
4315 28.031 22.577 5.216 3.260
4315 28.038 22.604 5.212 3.262
4315 27.916 22.553 5.214 3.163
4315 28.329 22.689 5.223 3.267
4747 28.217 22.706 5.222 3.266
4747 28.339 22.708 5.223 3.266
4747 27.820 22.501 5.207 3.262
4747 27.746 22.487 5.210 3.259
4747 27.855 22.496 5.212 3.260
4747 27.739 22.465 5.208 3.261
4747 27.713 22.514 5.206 3.260
4747 28.323 22.705 5.223 3.266
4747 28.324 22.716 5.221 3.265
4747 27.748 22.483 5.211 3.260
4747 28.235 22.709 5.220 3.267
5221 28.179 22.635 5.223 3.266
5221 28.207 22.680 5.222 3.267
5221 27.653 22.456 5.206 3.261
5221 27.834 22.500 5.207 3.259
5221 27.789 22.482 5.210 3.259
5221 28.203 22.704 5.221 3.264
5221 27.723 22.475 5.205 3.262
5221 28.307 22.638 5.224 3.268
5221 28.165 22.660 5.034 3.217
5221 28.234 22.693 5.223 3.266
5221 28.222 22.690 5.218 3.267
5744 28.179 22.633 5.166 3.177
5744 27.636 22.483 5.095 3.233
5744 28.262 22.660 5.218 3.267
5744 28.139 22.679 5.222 3.266
5744 28.274 22.699 5.223 3.267
5744 28.304 22.697 5.223 3.266
5744 28.165 22.692 5.224 3.266
5744 28.283 22.707 5.221 3.267
5744 28.262 22.682 5.224 3.266
5744 28.242 22.701 5.224 3.267
5744 26.697 21.515 5.119 3.267
6318 27.861 22.587 5.218 3.265
6318 28.169 22.653 5.220 3.266
6318 28.182 22.658 5.219 3.265
6318 28.167 22.656 5.217 3.266
6318 28.038 22.601 5.219 3.266
6318 28.117 22.614 5.220 3.265
6318 28.161 22.628 5.221 3.265
6318 28.145 22.637 5.218 3.266
6318 28.168 22.647 5.218 3.265
6318 28.164 22.644 5.220 3.264
6318 28.186 22.651 5.219 3.265
6950 27.886 22.515 5.214 3.244
6950 26.583 21.363 5.117 3.263
6950 27.966 22.567 5.214 3.262
6950 28.329 22.721 5.223 3.197
6950 27.233 22.476 5.210 3.261
6950 28.018 22.541 5.211 3.262
6950 28.347 22.683 5.223 3.254
6950 26.917 21.521 5.121 3.247
6950 28.366 22.705 5.080 3.246
6950 28.327 22.667 5.199 3.247
6950 28.266 22.022 5.009 3.178
7645 26.784 21.523 5.017 3.169
7645 28.244 22.698 5.043 3.216
7645 28.216 22.685 5.197 3.181
7645 28.297 22.696 5.223 3.265
7645 28.323 22.696 5.221 3.267
7645 27.850 22.488 5.212 3.261
7645 28.283 22.708 5.222 3.266
7645 28.268 22.704 5.218 3.267
7645 28.209 22.675 5.220 3.266
7645 27.807 22.553 5.209 3.261
7645 28.320 22.711 5.221 3.267
8409 28.077 22.640 5.218 3.265
8409 28.203 22.602 5.217 3.264
8409 28.342 22.681 5.224 3.198
8409 28.148 22.612 5.218 3.264
8409 28.189 22.639 5.216 3.265
8409 28.384 22.670 5.203 3.244
8409 28.098 21.594 4.944 3.094
8409 26.743 21.456 4.944 3.095
8409 26.788 21.928 5.216 3.264
8409 28.207 22.627 5.219 3.264
8409 28.106 22.597 5.219 3.264
9250 23.552 21.231 5.222 3.266
9250 28.296 22.655 5.223 3.268
9250 28.306 22.700 5.219 3.265
9250 27.841 22.588 5.210 3.262
9250 27.940 22.555 5.212 3.264
9250 28.347 22.712 5.220 3.266
9250 28.247 22.696 5.224 3.266
9250 28.027 22.601 5.212 3.264
9250 27.976 22.576 5.214 3.264
9250 27.961 22.535 5.214 3.264
9250 28.040 22.577 5.214 3.263
10175 28.161 22.698 5.218 3.266
10175 28.172 22.655 5.219 3.267
10175 26.729 21.495 4.948 3.158
10175 28.169 22.689 5.221 3.266
10175 27.824 22.561 5.210 3.263
10175 28.172 22.685 5.218 3.266
10175 28.168 22.650 5.222 3.265
10175 28.177 22.666 5.218 3.264
10175 27.759 22.632 5.219 3.253
10175 28.194 22.569 5.220 3.267
10175 28.188 22.622 5.221 3.264
11193 27.654 22.573 5.213 3.253
11193 27.984 22.595 5.185 3.257
11193 28.235 22.678 5.220 3.264
11193 28.213 22.693 5.222 3.267
11193 28.224 22.676 5.219 3.267
11193 27.951 22.570 5.213 3.265
11193 28.008 22.570 5.211 3.264
11193 28.134 22.685 5.221 3.265
11193 27.979 22.575 5.216 3.264
11193 28.210 22.673 5.219 3.268
11193 27.976 22.572 5.213 3.261
12312 27.964 22.592 5.220 3.266
12312 28.203 22.644 5.217 3.267
12312 28.172 22.637 5.218 3.267
12312 28.170 22.633 5.219 3.265
12312 28.200 22.689 5.220 3.266
12312 28.196 22.649 5.221 3.266
12312 28.177 22.660 5.220 3.267
12312 28.180 22.650 5.219 3.265
12312 28.179 22.663 5.222 3.266
12312 28.215 22.658 5.216 3.267
12312 28.103 22.644 5.214 3.264
13543 27.784 22.376 5.180 3.228
13543 27.987 22.552 5.213 3.261
13543 27.931 22.637 5.220 3.267
13543 28.230 22.691 5.222 3.267
13543 28.022 22.540 5.214 3.261
13543 28.102 22.691 5.221 3.267
13543 28.237 22.667 5.219 3.268
13543 27.970 22.566 5.213 3.262
13543 27.629 22.466 5.171 3.239
13543 27.950 22.591 5.214 3.263
13543 28.219 22.687 5.220 3.267
14897 27.706 22.292 5.138 3.212
14897 28.091 22.715 5.220 3.266
14897 27.798 22.327 5.178 3.221
14897 28.244 22.686 5.219 3.265
14897 28.204 22.638 5.219 3.266
14897 27.946 22.517 5.203 3.248
14897 27.393 22.202 5.051 3.187
14897 27.750 22.412 5.176 3.225
14897 27.739 22.365 5.176 3.221
14897 27.953 22.470 5.203 3.248
14897 28.005 22.566 5.201 3.250
16387 27.458 22.270 5.101 3.194
16387 27.474 22.184 5.060 3.177
16387 27.568 22.280 5.078 3.184
16387 27.734 22.318 5.164 3.203
16387 27.494 22.131 5.073 3.172
16387 27.479 22.234 5.078 3.165
16387 27.917 22.320 5.100 3.133
16387 26.295 22.235 4.996 3.077
16387 27.884 22.403 4.916 3.198
16387 27.818 22.391 5.179 3.224
16387 27.759 22.369 5.150 3.208
18026 26.470 21.377 4.895 3.013
18026 26.537 21.336 4.899 2.998
18026 26.688 21.548 4.911 3.035
18026 26.357 21.477 4.878 3.011
18026 26.928 21.517 4.918 3.053
18026 24.439 20.059 4.386 2.736
18026 26.433 21.419 4.844 3.011
18026 24.458 19.988 4.330 2.731
18026 25.970 21.140 4.811 2.956
18026 26.462 21.474 4.821 3.017
18026 26.203 21.135 4.763 2.954
19829 21.774 18.128 3.938 2.399
19829 21.852 18.134 3.851 2.387
19829 21.760 18.100 3.864 2.381
19829 22.115 18.135 3.930 2.404
19829 20.369 17.211 3.456 2.238
19829 22.071 18.102 3.925 2.426
19829 21.624 18.226 3.900 2.396
19829 21.928 18.062 3.897 2.397
19829 21.516 18.065 3.877 2.365
19829 20.184 16.917 3.394 2.215
19829 22.004 18.224 3.948 2.413
21811 15.490 13.721 2.378 1.667
21811 15.522 13.762 2.355 1.670
21811 16.083 14.084 2.414 1.730
21811 16.059 14.191 2.414 1.736
21811 16.089 14.224 2.421 1.745
21811 15.538 13.799 2.381 1.670
21811 15.621 13.724 2.384 1.663
21811 15.561 13.752 2.390 1.672
21811 15.578 13.726 2.380 1.675
21811 16.011 13.992 2.422 1.717
21811 16.018 14.166 2.433 1.732
23993 13.956 12.560 1.911 1.526
23993 13.753 12.378 1.864 1.502
23993 13.938 12.531 1.914 1.522
23993 13.753 12.393 1.863 1.503
23993 13.755 12.424 1.865 1.509
23993 13.955 12.575 1.916 1.523
23993 13.663 12.381 1.859 1.504
23993 13.743 12.491 1.862 1.510
23993 13.712 12.316 1.863 1.505
23993 13.825 12.347 1.865 1.502
23993 13.754 12.378 1.861 1.507
26392 13.447 12.100 1.765 1.467
26392 13.465 12.128 1.764 1.467
26392 13.523 12.024 1.760 1.464
26392 13.444 12.027 1.763 1.461
26392 13.505 11.999 1.765 1.456
26392 13.509 12.101 1.764 1.471
26392 13.462 11.977 1.766 1.457
26392 13.461 12.131 1.769 1.469
26392 13.386 12.102 1.768 1.468
26392 13.486 11.927 1.760 1.459
26392 13.400 12.127 1.767 1.475
29031 13.275 11.709 1.712 1.424
29031 13.316 11.808 1.710 1.436
29031 13.281 11.843 1.709 1.424
29031 13.143 11.578 1.695 1.427
29031 13.353 11.666 1.711 1.428
29031 13.208 11.665 1.708 1.419
29031 13.313 11.913 1.714 1.454
29031 13.264 11.847 1.710 1.438
29031 13.233 11.883 1.709 1.441
29031 13.321 11.745 1.710 1.428
29031 13.271 11.772 1.711 1.430
31934 13.212 11.736 1.680 1.435
31934 13.194 11.675 1.681 1.417
31934 13.193 11.646 1.683 1.417
31934 13.308 11.604 1.680 1.419
31934 13.206 11.691 1.681 1.425
31934 13.158 11.679 1.679 1.418
31934 13.259 11.744 1.679 1.434
31934 13.254 11.731 1.679 1.429
31934 13.239 11.654 1.681 1.427
31934 13.276 11.659 1.680 1.424
31934 13.269 11.637 1.681 1.419
35127 13.237 11.542 1.682 1.409
35127 13.180 11.629 1.675 1.413
35127 13.148 11.608 1.675 1.416
35127 13.230 11.788 1.679 1.435
35127 13.166 11.753 1.676 1.429
35127 13.193 11.641 1.675 1.415
35127 13.184 11.627 1.677 1.416
35127 13.200 11.592 1.676 1.408
35127 13.173 11.658 1.676 1.420
35127 13.139 11.681 1.678 1.422
35127 13.197 11.585 1.676 1.407
38640 13.094 11.617 1.653 1.416
38640 13.093 11.601 1.652 1.415
38640 13.124 11.537 1.653 1.402
38640 13.098 11.562 1.654 1.410
38640 13.106 11.527 1.652 1.409
38640 13.147 11.424 1.652 1.396
38640 13.168 11.609 1.652 1.415
38640 13.156 11.585 1.650 1.412
38640 13.151 11.575 1.655 1.410
38640 13.032 11.619 1.655 1.411
38640 13.151 11.656 1.652 1.419
42504 13.017 11.312 1.620 1.382
42504 13.035 11.371 1.621 1.385
42504 12.994 11.335 1.618 1.386
42504 13.000 11.348 1.617 1.389
42504 13.026 11.303 1.619 1.387
42504 13.009 11.325 1.619 1.394
42504 12.991 11.356 1.611 1.380
42504 12.897 11.229 1.607 1.387
42504 13.064 11.295 1.612 1.375
42504 13.009 11.295 1.612 1.385
42504 13.018 11.155 1.615 1.362
46755 12.952 11.168 1.620 1.367
46755 12.981 11.249 1.618 1.374
46755 13.005 11.236 1.619 1.375
46755 12.999 11.297 1.619 1.381
46755 12.892 11.189 1.617 1.374
46755 13.003 11.201 1.620 1.373
46755 13.005 11.167 1.621 1.368
46755 12.961 11.312 1.619 1.381
46755 13.078 11.123 1.620 1.365
46755 12.926 11.249 1.616 1.373
46755 12.998 11.264 1.618 1.383
51430 12.960 11.289 1.616 1.390
51430 12.993 11.378 1.617 1.387
51430 12.879 11.303 1.617 1.388
51430 13.033 11.362 1.615 1.391
51430 13.016 11.422 1.619 1.394
51430 12.987 11.329 1.617 1.390
51430 13.029 11.361 1.617 1.384
51430 12.987 11.308 1.619 1.376
51430 12.948 11.350 1.616 1.383
51430 13.039 11.330 1.619 1.386
51430 12.977 11.265 1.618 1.375
56573 13.008 11.310 1.619 1.378
56573 13.016 11.315 1.617 1.384
56573 12.983 11.350 1.618 1.385
56573 12.933 11.278 1.620 1.386
56573 13.011 11.407 1.620 1.389
56573 13.025 11.332 1.619 1.379
56573 13.021 11.287 1.619 1.375
56573 13.059 11.327 1.620 1.380
56573 12.922 11.274 1.619 1.375
56573 13.006 11.350 1.616 1.382
56573 13.022 11.366 1.621 1.386
62230 13.003 11.270 1.617 1.371
62230 12.992 11.276 1.617 1.376
62230 13.021 11.258 1.620 1.374
62230 12.981 11.284 1.617 1.377
62230 13.011 11.205 1.616 1.373
62230 13.073 11.262 1.620 1.375
62230 13.043 11.334 1.614 1.382
62230 12.949 11.314 1.617 1.378
62230 13.058 11.155 1.618 1.371
62230 12.909 11.237 1.618 1.378
62230 13.069 11.263 1.620 1.371
68454 13.014 11.233 1.619 1.373
68454 13.011 11.328 1.620 1.380
68454 13.044 11.386 1.621 1.389
68454 12.971 11.209 1.606 1.363
68454 12.811 11.378 1.610 1.396
68454 13.009 11.357 1.620 1.390
68454 12.996 11.317 1.619 1.383
68454 13.001 11.338 1.620 1.386
68454 12.976 11.318 1.619 1.373
68454 12.778 11.246 1.609 1.368
68454 13.057 11.301 1.620 1.381
75299 13.029 11.371 1.620 1.394
75299 13.044 11.375 1.619 1.388
75299 13.015 11.335 1.619 1.387
75299 13.035 11.368 1.616 1.393
75299 13.051 11.336 1.619 1.384
75299 12.986 11.310 1.621 1.381
75299 13.007 11.394 1.619 1.388
75299 13.077 11.255 1.619 1.384
75299 13.069 11.252 1.620 1.367
75299 13.003 11.311 1.617 1.385
75299 13.052 11.329 1.621 1.385
82829 13.033 11.173 1.619 1.369
82829 13.029 11.325 1.618 1.379
82829 12.976 11.205 1.622 1.372
82829 13.016 11.211 1.621 1.366
82829 13.013 11.308 1.619 1.380
82829 13.053 11.200 1.618 1.370
82829 13.008 11.300 1.619 1.379
82829 13.035 11.190 1.615 1.369
82829 12.993 11.190 1.618 1.374
82829 13.017 11.234 1.618 1.375
82829 13.040 11.206 1.618 1.369
91112 12.989 11.179 1.616 1.366
91112 13.026 11.181 1.617 1.360
91112 13.013 11.187 1.618 1.367
91112 13.011 11.169 1.618 1.371
91112 13.024 11.188 1.617 1.366
91112 13.061 11.293 1.618 1.379
91112 13.044 11.226 1.620 1.371
91112 13.019 11.255 1.623 1.368
91112 12.993 11.155 1.615 1.372
91112 12.931 11.247 1.617 1.368
91112 13.039 11.221 1.617 1.370
100223 12.998 11.265 1.619 1.376
100223 12.998 11.320 1.621 1.381
100223 13.041 11.171 1.618 1.368
100223 13.029 11.184 1.614 1.364
100223 12.917 11.165 1.618 1.365
100223 13.051 11.274 1.619 1.377
100223 12.990 11.165 1.618 1.364
100223 13.027 11.213 1.617 1.366
100223 13.054 11.287 1.619 1.382
100223 12.999 11.282 1.621 1.373
100223 13.081 11.259 1.619 1.373
110245 13.016 11.273 1.619 1.378
110245 13.036 11.293 1.619 1.379
110245 12.987 11.305 1.621 1.379
110245 12.984 11.269 1.619 1.373
110245 13.045 11.345 1.622 1.381
110245 13.055 11.241 1.620 1.372
110245 13.020 11.335 1.618 1.387
110245 12.676 11.107 1.619 1.388
110245 13.008 11.234 1.616 1.374
110245 13.088 11.286 1.619 1.376
110245 13.027 11.260 1.620 1.373
121270 13.038 11.269 1.621 1.374
121270 13.031 11.297 1.617 1.377
121270 13.055 11.231 1.617 1.376
121270 13.016 11.367 1.619 1.384
121270 13.061 11.299 1.624 1.373
121270 13.049 11.320 1.616 1.387
121270 12.967 11.274 1.618 1.380
121270 13.019 11.261 1.619 1.371
121270 12.988 11.286 1.620 1.378
121270 13.063 11.288 1.620 1.375
121270 13.070 11.377 1.621 1.389
133397 12.935 11.298 1.619 1.378
133397 12.976 11.293 1.614 1.378
133397 13.028 11.287 1.622 1.379
133397 13.062 11.250 1.618 1.379
133397 13.049 11.212 1.620 1.373
133397 13.010 11.359 1.618 1.389
133397 13.028 11.260 1.618 1.374
133397 13.094 11.360 1.619 1.386
133397 12.997 11.315 1.618 1.374
133397 12.959 11.344 1.617 1.381
133397 12.844 11.303 1.619 1.376
146736 13.034 11.285 1.618 1.369
146736 13.048 11.235 1.620 1.373
146736 12.962 11.349 1.617 1.381
146736 12.995 11.283 1.618 1.374
146736 12.939 11.296 1.618 1.381
146736 13.019 11.209 1.619 1.365
146736 12.985 11.324 1.619 1.385
146736 13.026 11.141 1.619 1.365
146736 13.045 11.345 1.620 1.384
146736 12.969 11.190 1.619 1.362
146736 12.980 11.373 1.621 1.385
161410 11.838 11.126 1.621 1.366
161410 12.906 11.374 1.619 1.382
161410 13.055 11.351 1.618 1.385
161410 13.060 11.262 1.621 1.377
161410 12.976 11.331 1.619 1.377
161410 12.980 11.291 1.617 1.377
161410 13.025 11.273 1.618 1.378
161410 13.022 11.310 1.618 1.377
161410 13.019 11.285 1.617 1.372
161410 12.866 11.287 1.615 1.375
161410 13.005 11.243 1.619 1.366
177551 12.986 11.343 1.617 1.378
177551 13.062 11.326 1.617 1.378
177551 12.988 11.293 1.619 1.380
177551 13.056 11.247 1.620 1.368
177551 13.027 11.427 1.618 1.386
177551 13.005 11.402 1.706 1.400
177551 12.951 11.361 1.619 1.383
177551 13.014 11.360 1.619 1.384
177551 13.071 11.358 1.620 1.382
177551 12.941 11.346 1.619 1.377
177551 13.060 11.374 1.618 1.388
195306 13.048 11.254 1.620 1.378
195306 13.012 11.326 1.618 1.377
195306 13.005 11.374 1.619 1.380
195306 13.070 11.297 1.617 1.376
195306 12.998 11.295 1.617 1.370
195306 13.015 11.350 1.619 1.377
195306 13.069 11.344 1.618 1.381
195306 13.010 11.401 1.617 1.384
195306 13.030 11.289 1.619 1.377
195306 12.996 11.323 1.619 1.377
195306 12.971 11.322 1.614 1.374
214837 12.992 11.283 1.620 1.372
214837 12.992 11.319 1.619 1.372
214837 12.921 11.333 1.617 1.383
214837 13.047 11.344 1.618 1.379
214837 13.021 11.357 1.619 1.376
214837 12.996 11.349 1.618 1.381
214837 12.972 11.278 1.618 1.376
214837 12.902 11.238 1.617 1.371
214837 12.966 11.409 1.620 1.385
214837 12.984 11.324 1.617 1.371
214837 12.971 11.285 1.611 1.372
236320 12.992 11.240 1.620 1.371
236320 13.017 11.367 1.617 1.380
236320 13.031 11.324 1.618 1.371
236320 12.962 11.334 1.619 1.374
236320 12.977 11.251 1.617 1.375
236320 13.052 11.393 1.619 1.381
236320 13.015 11.361 1.617 1.375
236320 12.996 11.219 1.618 1.375
236320 13.030 11.334 1.620 1.374
236320 13.069 11.276 1.620 1.375
236320 12.953 11.314 1.619 1.372
259952 13.005 11.376 1.620 1.379
259952 12.957 11.305 1.621 1.371
259952 13.055 11.362 1.617 1.378
259952 13.008 11.350 1.619 1.377
259952 13.054 11.214 1.618 1.372
259952 12.984 11.278 1.618 1.373
259952 12.961 11.255 1.617 1.374
259952 13.051 11.296 1.619 1.372
259952 13.040 11.361 1.618 1.379
259952 13.023 11.278 1.617 1.368
259952 12.981 11.310 1.618 1.374
285947 12.962 11.290 1.621 1.373
285947 13.025 11.359 1.621 1.378
285947 13.033 11.353 1.616 1.379
285947 12.954 11.265 1.616 1.368
285947 12.973 11.306 1.619 1.372
285947 12.977 11.333 1.617 1.374
285947 13.003 11.306 1.620 1.371
285947 12.984 11.276 1.619 1.376
285947 13.045 11.315 1.619 1.374
285947 12.945 11.330 1.620 1.378
285947 13.005 11.323 1.620 1.374
314542 12.976 11.278 1.618 1.374
314542 12.911 11.256 1.609 1.362
314542 12.809 11.205 1.615 1.375
314542 12.998 10.919 1.610 1.369
314542 12.963 11.324 1.615 1.375
314542 12.873 11.177 1.619 1.373
314542 13.052 11.332 1.618 1.375
314542 13.013 11.301 1.622 1.372
314542 13.087 11.287 1.621 1.374
314542 13.013 11.304 1.622 1.373
314542 13.036 11.289 1.619 1.368
345996 12.987 11.300 1.619 1.367
345996 12.987 11.356 1.620 1.377
345996 13.248 11.275 1.621 1.368
345996 12.996 11.347 1.618 1.376
345996 13.102 11.285 1.618 1.372
345996 12.986 11.240 1.619 1.369
345996 13.048 11.284 1.619 1.371
345996 13.016 11.303 1.618 1.371
345996 12.994 11.274 1.619 1.370
345996 13.065 11.321 1.619 1.376
345996 13.023 11.282 1.618 1.371
380596 13.071 11.308 1.619 1.374
380596 12.922 11.257 1.621 1.371
380596 13.044 11.253 1.617 1.365
380596 12.990 11.317 1.619 1.370
380596 12.964 11.338 1.618 1.375
380596 13.020 11.361 1.621 1.377
380596 13.046 11.338 1.620 1.371
380596 13.047 11.289 1.619 1.371
380596 12.971 11.257 1.617 1.368
380596 13.054 11.271 1.619 1.369
380596 13.012 11.322 1.616 1.377
418656 13.023 11.259 1.620 1.367
418656 13.029 11.187 1.618 1.373
418656 13.021 11.190 1.620 1.363
418656 13.008 11.253 1.622 1.363
418656 13.015 11.288 1.621 1.369
418656 13.051 11.203 1.617 1.366
418656 13.069 11.258 1.620 1.374
418656 13.052 11.258 1.620 1.371
418656 13.063 11.250 1.619 1.366
418656 13.046 11.313 1.617 1.370
418656 13.066 11.327 1.622 1.374
460521 13.107 11.294 1.618 1.367
460521 13.051 11.268 1.620 1.368
460521 13.056 11.213 1.619 1.373
460521 12.983 11.282 1.620 1.365
460521 13.038 11.247 1.619 1.367
460521 13.053 11.292 1.619 1.367
460521 13.067 11.285 1.617 1.371
460521 13.051 11.268 1.621 1.370
460521 13.042 11.232 1.616 1.364
460521 12.951 11.183 1.617 1.369
460521 13.084 11.265 1.615 1.371
506573 13.064 11.265 1.620 1.366
506573 12.999 11.224 1.619 1.364
506573 13.048 11.216 1.621 1.363
506573 13.068 11.215 1.618 1.364
506573 13.051 11.235 1.619 1.367
506573 13.091 11.247 1.619 1.364
506573 13.073 11.240 1.616 1.369
506573 12.945 11.255 1.619 1.369
506573 13.073 11.295 1.616 1.368
506573 13.028 11.213 1.619 1.365
506573 13.012 11.233 1.618 1.367
557231 12.965 11.217 1.620 1.365
557231 12.965 11.268 1.619 1.372
557231 12.956 11.299 1.617 1.368
557231 13.019 11.257 1.618 1.368
557231 13.046 11.252 1.614 1.370
557231 13.008 11.270 1.618 1.369
557231 13.092 11.277 1.618 1.364
557231 12.996 11.308 1.621 1.370
557231 12.974 11.216 1.620 1.366
557231 13.030 11.195 1.617 1.372
557231 13.003 11.268 1.619 1.368
612954 13.047 11.249 1.620 1.369
612954 13.043 11.273 1.618 1.372
612954 13.005 11.250 1.619 1.371
612954 12.923 11.216 1.615 1.372
612954 12.998 11.168 1.621 1.367
612954 13.022 11.328 1.619 1.373
612954 13.006 11.246 1.622 1.371
612954 12.970 11.259 1.617 1.367
612954 13.040 11.245 1.617 1.369
612954 13.062 11.305 1.617 1.371
612954 13.056 11.299 1.619 1.369
674249 13.005 11.291 1.618 1.371
674249 13.020 11.288 1.619 1.367
674249 13.059 11.206 1.621 1.368
674249 13.079 11.287 1.618 1.373
674249 13.066 11.318 1.619 1.372
674249 13.066 11.281 1.620 1.371
674249 13.061 11.283 1.620 1.368
674249 13.030 11.308 1.621 1.372
674249 13.045 11.324 1.618 1.374
674249 13.003 11.302 1.619 1.369
674249 12.970 11.307 1.618 1.370
741674 13.030 11.332 1.617 1.372
741674 13.016 11.261 1.616 1.370
741674 13.062 11.250 1.619 1.372
741674 13.013 11.330 1.620 1.370
741674 13.060 11.272 1.616 1.370
741674 13.038 11.289 1.620 1.373
741674 13.067 11.260 1.621 1.368
741674 13.100 11.273 1.622 1.372
741674 13.020 11.317 1.617 1.370
741674 13.034 11.260 1.617 1.367
741674 13.031 11.238 1.618 1.370
815842 13.023 11.274 1.620 1.366
815842 13.049 11.254 1.618 1.368
815842 12.989 11.261 1.617 1.362
815842 13.055 11.244 1.619 1.369
815842 13.040 11.235 1.619 1.364
815842 13.011 11.293 1.616 1.368
815842 12.998 11.173 1.615 1.362
815842 13.088 11.276 1.619 1.367
815842 13.061 11.255 1.618 1.363
815842 13.044 11.260 1.617 1.368
815842 13.068 11.249 1.620 1.362
897426 13.008 11.282 1.617 1.362
897426 12.991 11.244 1.616 1.362
897426 13.049 11.099 1.617 1.365
897426 13.106 11.233 1.618 1.364
897426 13.069 11.190 1.617 1.361
897426 13.071 11.229 1.614 1.364
897426 13.068 11.202 1.621 1.365
897426 12.990 11.279 1.617 1.364
897426 13.029 11.205 1.620 1.366
897426 13.070 11.269 1.618 1.362
897426 13.067 11.216 1.619 1.364
987168 13.031 11.271 1.619 1.367
987168 13.065 11.279 1.616 1.370
987168 12.997 11.193 1.620 1.365
987168 13.022 11.252 1.620 1.364
987168 13.028 11.262 1.620 1.367
987168 13.047 11.268 1.619 1.367
987168 13.051 11.248 1.620 1.367
987168 12.997 11.278 1.618 1.364
987168 13.044 11.290 1.616 1.363
987168 13.045 11.269 1.617 1.364
987168 13.044 11.281 1.620 1.364
