9 17.712 9.429 9.612 9.266
9 18.488 10.280 10.428 10.265
9 19.246 15.479 30.382 29.343
9 56.252 30.128 30.606 30.211
9 56.234 30.092 30.615 30.106
9 54.462 30.198 30.577 29.942
9 56.141 30.118 30.697 29.818
9 54.381 30.168 30.580 30.155
9 54.016 30.232 30.674 29.600
9 56.304 30.017 30.634 30.110
9 56.178 30.170 30.606 29.635
10 54.243 29.761 30.593 30.029
10 52.154 29.778 30.535 29.809
10 54.399 29.471 30.607 29.597
10 54.173 29.653 30.502 29.534
10 54.359 29.513 30.476 30.196
10 52.337 29.660 30.554 30.102
10 54.044 29.222 30.428 29.815
10 54.013 29.536 30.563 30.205
10 54.292 29.410 30.548 29.727
10 52.053 29.811 30.498 29.974
10 53.984 29.741 30.506 30.162
11 56.580 29.873 30.549 29.343
11 54.424 30.163 30.570 30.142
11 53.150 30.149 30.414 29.974
11 54.426 29.758 29.997 29.836
11 56.391 30.116 30.510 29.163
11 51.868 27.870 28.787 28.254
11 54.194 28.389 28.769 27.401
11 50.541 29.550 30.426 29.902
11 56.453 30.193 30.449 30.068
11 54.376 30.137 30.428 30.080
11 56.255 29.983 30.538 29.871
12 55.981 30.007 29.994 29.793
12 54.452 30.168 29.931 29.321
12 56.518 30.132 30.161 29.638
12 54.806 29.946 29.929 29.566
12 56.693 30.174 30.152 29.670
12 56.426 29.733 30.060 29.811
12 56.382 29.832 30.012 29.696
12 56.638 30.180 29.987 29.722
12 54.434 30.065 30.155 29.875
12 55.038 30.064 30.059 29.474
12 54.099 30.249 30.115 29.532
13 54.549 29.850 30.082 29.834
13 54.295 30.214 30.186 29.632
13 56.515 30.073 30.108 28.862
13 56.629 30.197 29.919 27.466
13 55.886 29.748 29.904 29.120
13 54.272 30.230 30.172 29.683
13 56.431 30.248 30.027 29.817
13 56.422 30.217 30.060 29.649
13 56.322 30.206 30.100 29.878
13 56.467 29.834 30.211 29.356
13 54.583 30.209 29.687 29.833
14 56.515 30.075 30.005 29.735
14 56.523 29.979 30.152 29.824
14 56.646 30.235 30.072 29.586
14 56.427 30.158 30.078 29.590
14 56.626 30.221 29.897 29.823
14 56.618 30.213 30.119 29.236
14 56.291 30.090 30.054 29.546
14 56.546 29.658 30.133 29.672
14 56.005 30.251 29.895 29.643
14 56.359 29.753 29.532 28.937
14 55.684 30.108 30.123 29.693
16 56.564 30.210 30.069 29.931
16 56.690 29.372 28.234 27.223
16 52.837 28.070 28.398 27.832
16 50.819 27.625 28.518 29.480
16 56.302 29.862 30.024 29.591
16 56.458 29.490 30.057 29.644
16 56.513 30.225 30.058 29.727
16 54.578 30.129 30.047 29.816
16 56.531 27.370 30.011 29.501
16 54.315 30.217 30.041 29.822
16 56.650 30.126 30.043 29.978
17 55.708 30.134 30.043 29.800
17 56.469 30.058 29.946 29.575
17 56.087 30.090 30.120 29.912
17 56.618 30.196 29.968 29.876
17 55.121 29.305 30.055 29.889
17 56.054 30.031 30.062 29.945
17 56.582 30.207 30.113 29.764
17 55.642 29.836 30.145 29.171
17 54.501 30.153 29.852 29.508
17 54.177 30.126 30.064 29.518
17 55.549 30.158 30.094 26.462
19 55.182 30.078 29.401 29.986
19 55.062 29.704 30.103 28.375
19 52.942 29.807 27.991 27.174
19 54.006 29.066 29.522 25.222
19 54.505 28.480 29.517 25.073
19 54.437 29.231 29.878 29.641
19 52.374 29.792 29.830 25.224
19 55.159 29.863 30.050 29.585
19 54.837 29.584 30.005 29.556
19 53.930 29.809 29.545 29.786
19 54.537 29.141 29.457 29.644
21 54.054 29.142 30.020 25.160
21 53.549 29.213 29.588 26.145
21 53.585 29.268 29.789 25.426
21 53.923 28.989 29.773 25.515
21 54.056 29.017 29.782 27.524
21 54.552 29.804 29.952 28.584
21 52.419 29.034 29.579 25.705
21 54.428 29.746 29.844 29.461
21 52.666 28.289 28.213 25.083
21 50.802 26.398 28.099 23.042
21 51.426 28.599 29.731 27.396
23 54.157 29.048 29.473 25.073
23 53.173 29.205 29.573 25.653
23 55.484 29.390 29.802 26.446
23 55.076 28.958 29.603 24.941
23 55.312 29.185 29.200 25.095
23 55.800 29.354 29.641 26.585
23 54.852 29.252 29.654 25.079
23 53.970 29.588 30.094 29.347
23 54.191 29.989 29.924 26.206
23 54.697 28.952 29.636 25.697
23 53.823 29.446 29.725 25.625
25 54.802 29.210 29.305 25.888
25 53.418 29.046 29.583 25.164
25 52.740 29.083 29.766 25.139
25 54.203 28.647 28.522 24.131
25 54.387 29.151 29.810 26.018
25 53.762 28.768 29.891 25.145
25 53.295 28.374 29.477 24.539
25 53.960 29.307 29.774 29.313
25 53.889 28.819 29.721 24.199
25 52.262 28.391 28.187 25.382
25 54.790 29.463 28.896 25.788
28 54.132 29.048 29.754 25.075
28 54.762 29.280 29.559 25.071
28 54.845 29.117 29.604 25.051
28 54.794 29.251 29.848 24.526
28 53.261 29.273 29.760 24.715
28 53.358 29.122 29.599 25.009
28 54.936 29.319 29.638 25.546
28 54.802 29.316 29.798 24.885
28 52.795 29.352 29.647 24.956
28 54.474 29.328 29.865 25.612
28 52.587 29.415 30.019 25.113
30 54.494 29.122 29.638 25.561
30 54.329 29.171 29.585 24.835
30 53.509 27.026 27.616 22.655
30 51.512 27.486 27.869 23.974
30 50.435 28.822 29.478 24.420
30 54.483 29.267 29.587 25.013
30 54.102 29.127 29.743 25.271
30 53.771 29.155 29.887 25.214
30 46.249 28.859 29.423 25.131
30 54.637 29.387 29.864 25.926
30 54.318 29.308 29.632 25.306
33 48.015 28.468 21.443 13.456
33 47.921 28.142 22.276 11.364
33 47.151 28.325 21.263 13.557
33 48.491 28.423 21.605 13.474
33 48.269 28.533 21.673 13.502
33 49.505 27.841 21.183 12.584
33 47.825 27.950 21.222 12.460
33 49.218 28.271 21.958 13.572
33 49.099 28.156 21.446 13.469
33 49.673 27.659 21.282 12.679
33 49.301 28.174 21.230 12.563
37 39.668 26.611 13.627 4.708
37 39.311 26.494 13.559 4.694
37 39.462 26.770 13.563 4.632
37 39.671 26.776 13.632 4.749
37 39.452 26.695 13.590 4.692
37 12.375 8.267 4.257 3.756
37 39.682 26.757 13.583 4.677
37 39.448 26.659 13.586 4.688
37 39.263 26.441 13.508 4.685
37 39.560 26.758 13.549 4.653
37 39.608 26.698 13.635 4.604
40 39.414 26.797 13.647 4.680
40 39.432 26.743 13.684 4.621
40 39.399 26.661 13.585 4.586
40 39.537 26.768 13.655 2.863
40 12.430 8.375 4.650 2.686
40 38.621 26.680 12.991 4.410
40 38.879 26.559 13.648 4.723
40 39.294 26.713 13.401 4.706
40 39.435 26.578 13.555 4.678
40 39.565 26.682 13.643 4.547
40 39.696 26.624 13.579 4.672
44 39.821 26.699 13.563 4.618
44 39.445 26.807 13.681 4.744
44 39.513 26.736 13.656 4.661
44 39.343 26.757 13.679 4.687
44 39.650 26.654 13.620 4.594
44 39.573 26.728 13.664 4.591
44 39.403 26.807 13.714 4.634
44 39.651 26.719 13.666 4.549
44 39.098 26.074 13.039 4.370
44 39.556 26.700 13.635 4.629
44 39.702 26.607 13.629 4.623
49 39.793 26.677 13.645 4.618
49 39.760 26.767 13.663 4.588
49 39.658 26.754 13.636 4.649
49 39.480 26.752 13.692 4.684
49 39.651 26.678 13.684 4.630
49 39.382 26.716 13.703 4.694
49 39.587 26.634 13.732 4.687
49 39.381 26.758 13.634 4.708
49 39.818 26.752 13.682 4.677
49 39.823 26.766 13.703 4.581
49 39.631 26.532 13.589 4.596
54 37.857 25.189 12.897 4.475
54 39.513 26.730 13.629 4.539
54 39.714 26.760 13.597 4.601
54 34.702 23.282 11.924 4.070
54 34.557 25.469 13.492 4.644
54 39.689 26.830 13.715 4.668
54 39.671 26.761 13.676 4.631
54 39.576 26.728 13.708 4.640
54 39.591 26.711 13.703 4.475
54 39.182 26.708 13.659 4.623
54 39.329 26.767 13.711 4.553
59 39.689 26.766 13.712 4.627
59 39.647 26.766 13.744 4.483
59 38.604 26.764 13.720 4.372
59 38.100 25.211 13.348 4.566
59 39.548 25.394 13.684 4.553
59 38.362 26.736 13.694 4.562
59 39.670 26.605 13.643 4.605
59 39.802 26.752 13.704 4.668
59 39.661 26.789 13.706 4.630
59 39.539 26.807 13.723 4.629
59 39.533 26.723 13.708 4.631
65 39.470 26.386 13.632 4.594
65 39.674 26.786 13.760 4.621
65 39.948 26.735 13.720 4.629
65 39.451 26.652 13.739 4.617
65 39.627 26.870 13.682 4.651
65 39.750 26.569 13.626 4.400
65 38.361 26.004 13.191 4.681
65 39.033 26.790 13.566 4.645
65 39.885 26.654 13.629 4.646
65 39.490 26.767 13.732 4.637
65 39.685 26.729 13.736 4.535
72 39.559 26.610 13.668 4.558
72 39.339 26.775 13.795 4.625
72 39.506 26.691 13.737 4.632
72 39.793 26.806 13.749 4.558
72 39.824 26.768 13.725 4.555
72 39.564 26.744 13.741 4.574
72 39.720 26.799 13.726 4.700
72 39.725 26.759 13.733 4.662
72 38.594 26.764 13.726 4.480
72 38.209 25.259 13.468 4.602
72 39.149 26.720 13.710 4.623
79 39.674 26.785 13.781 4.625
79 39.529 26.775 13.756 4.486
79 39.113 26.698 13.767 4.519
79 39.588 26.672 13.753 4.638
79 39.769 26.714 13.669 4.563
79 37.319 25.544 13.000 4.436
79 39.270 26.388 13.275 4.468
79 37.466 25.266 13.557 4.499
79 37.862 25.337 12.968 4.424
79 38.272 25.396 13.119 4.435
79 37.195 25.293 13.029 4.305
87 37.626 25.370 13.025 4.329
87 39.412 26.613 13.674 4.615
87 39.739 26.775 13.704 4.592
87 39.712 26.707 13.735 4.542
87 39.699 26.618 13.764 4.549
87 39.480 26.654 12.565 4.486
87 39.819 26.577 13.667 4.486
87 39.559 26.722 13.749 4.490
87 39.646 26.780 13.748 4.489
87 39.674 26.787 13.708 4.518
87 39.858 26.804 13.789 4.605
95 39.511 26.770 13.585 4.517
95 38.652 26.652 13.743 4.485
95 39.587 26.780 13.738 4.472
95 37.461 26.207 13.153 4.404
95 39.763 26.635 13.783 4.557
95 39.621 26.613 13.615 4.534
95 39.695 26.757 13.749 4.593
95 39.775 26.722 13.743 4.543
95 39.816 26.746 13.770 4.532
95 39.757 26.806 13.742 4.599
95 39.907 26.636 13.748 4.558
105 39.796 26.793 13.785 4.546
105 39.755 26.786 13.796 4.529
105 39.937 26.456 13.792 4.536
105 37.969 26.745 13.655 4.540
105 39.670 26.443 13.761 4.590
105 39.142 26.630 13.612 4.387
105 37.809 25.551 13.122 4.473
105 39.477 26.630 13.637 4.541
105 39.778 26.731 13.786 4.546
105 39.748 26.750 13.775 4.565
105 39.629 26.548 13.783 4.541
115 39.614 26.762 13.748 4.548
115 39.573 26.678 13.720 4.498
115 39.791 26.666 13.783 4.519
115 39.947 26.762 13.806 4.554
115 39.249 26.500 13.718 4.505
115 38.678 26.684 13.766 4.524
115 39.635 26.699 13.771 4.505
115 37.236 26.298 12.393 4.486
115 37.038 26.426 11.919 4.407
115 35.552 26.145 11.371 4.256
115 33.863 24.693 10.807 4.395
127 34.745 24.969 8.037 4.315
127 39.601 26.749 13.750 4.531
127 39.710 26.780 13.751 4.535
127 35.205 25.580 8.859 4.362
127 34.635 25.018 8.024 4.239
127 35.146 25.476 8.772 4.378
127 33.923 25.338 8.325 4.303
127 35.032 25.621 8.789 4.304
127 39.664 26.648 13.649 4.500
127 35.847 26.055 11.291 4.353
127 39.706 26.761 13.805 4.552
140 38.680 25.249 13.063 4.322
140 39.583 26.587 13.733 4.440
140 36.145 26.130 11.342 4.381
140 38.725 26.497 12.487 4.430
140 39.575 26.713 13.720 4.449
140 38.776 26.528 12.402 4.426
140 39.748 26.686 13.597 4.427
140 39.533 26.740 13.760 4.484
140 38.562 26.604 13.724 4.346
140 36.271 26.255 11.623 4.456
140 39.737 26.629 13.610 4.501
154 39.258 26.625 13.608 4.415
154 39.579 26.668 13.709 4.485
154 39.804 26.817 13.723 4.323
154 35.417 25.493 11.997 4.412
154 36.840 26.381 12.068 4.359
154 36.929 26.432 11.920 4.338
154 39.053 26.625 13.729 4.450
154 35.446 25.444 8.795 4.349
154 37.162 26.408 12.161 4.368
154 39.566 26.663 13.673 4.427
154 38.202 26.591 13.371 4.387
169 37.440 26.129 12.189 4.389
169 39.641 26.696 13.647 4.440
169 39.619 26.749 13.729 4.486
169 37.566 26.417 12.395 4.429
169 39.749 26.538 13.630 4.273
169 37.468 25.331 12.999 4.480
169 39.763 26.602 13.665 4.487
169 37.406 26.254 12.437 4.387
169 37.727 26.115 12.560 4.389
169 39.551 26.610 13.520 4.446
169 39.200 26.744 13.603 4.474
186 35.105 25.882 11.160 4.345
186 38.920 26.298 13.665 4.459
186 37.628 26.165 12.181 4.393
186 39.785 26.538 13.598 4.435
186 36.876 26.214 11.560 4.364
186 35.387 26.101 11.246 4.341
186 36.835 26.313 11.924 4.347
186 37.722 25.242 13.152 4.370
186 37.776 26.558 12.111 4.418
186 36.640 25.896 11.222 4.369
186 35.945 26.152 11.660 4.353
204 33.466 25.320 8.112 4.285
204 36.341 26.309 11.756 4.390
204 36.881 25.884 11.908 4.388
204 35.299 26.116 11.455 4.412
204 37.099 26.007 11.679 4.402
204 36.133 26.170 11.683 4.397
204 39.099 26.536 12.421 4.454
204 35.746 26.199 11.413 4.409
204 39.786 26.602 13.600 4.425
204 34.805 25.257 11.171 4.283
204 36.331 26.140 11.780 4.405
225 33.625 25.451 9.931 4.294
225 35.650 25.706 10.003 4.384
225 33.398 25.343 9.853 4.305
225 33.103 25.210 9.793 4.295
225 33.453 25.052 9.074 4.331
225 36.101 25.944 11.190 4.410
225 33.255 25.243 9.875 4.264
225 34.339 25.420 9.352 4.292
225 34.523 25.294 10.612 4.329
225 33.631 24.968 8.882 4.260
225 32.845 24.120 8.349 4.126
247 34.221 24.995 8.221 4.291
247 31.255 24.658 9.051 4.212
247 32.920 25.124 9.572 4.276
247 34.221 24.922 8.443 4.290
247 32.556 25.207 7.995 4.266
247 31.755 24.942 9.514 4.251
247 31.645 25.221 8.506 4.280
247 33.084 25.406 8.869 4.316
247 31.552 25.108 8.691 4.266
247 32.260 25.358 9.202 4.296
247 32.218 25.338 8.006 4.249
272 31.565 24.408 9.313 4.224
272 30.405 24.709 6.642 4.192
272 30.822 24.817 7.235 3.933
272 31.634 25.020 6.917 4.160
272 30.545 24.572 6.616 4.004
272 30.244 24.632 7.172 4.087
272 31.348 25.103 7.712 4.204
272 31.663 25.090 7.816 4.191
272 30.905 24.769 8.033 4.190
272 31.949 25.292 8.508 4.207
272 32.348 25.133 7.584 4.197
299 27.780 22.471 6.545 4.030
299 31.068 24.885 6.700 4.153
299 30.276 24.601 6.898 4.073
299 29.943 24.736 7.236 4.126
299 30.819 24.842 7.058 4.129
299 29.460 24.526 6.379 3.999
299 29.792 24.654 7.138 4.151
299 30.222 24.531 6.806 3.963
299 30.520 24.676 6.592 4.142
299 29.574 24.483 6.481 4.018
299 29.449 24.460 5.728 3.920
329 29.589 24.332 6.036 3.843
329 29.953 24.452 6.100 3.936
329 29.645 24.462 5.990 3.857
329 30.251 24.577 6.569 3.981
329 28.963 24.328 5.849 3.752
329 29.410 24.074 5.832 3.723
329 29.888 24.366 6.257 3.741
329 29.352 24.481 6.173 3.991
329 29.880 24.528 6.004 3.792
329 28.438 23.158 3.318 1.302
329 29.945 24.540 6.883 1.447
362 29.025 24.184 5.668 3.851
362 29.343 24.174 6.027 3.737
362 29.088 24.153 5.602 3.804
362 29.023 24.005 5.500 3.897
362 29.425 24.408 6.384 3.872
362 29.391 24.227 6.264 3.830
362 29.401 24.309 6.226 3.748
362 29.665 24.261 6.054 3.892
362 28.195 23.946 5.557 3.970
362 29.933 24.055 5.998 3.709
362 28.985 23.993 5.696 3.697
398 29.353 23.911 5.914 3.604
398 29.016 23.773 5.596 3.553
398 29.221 23.865 5.812 3.572
398 29.283 23.697 5.814 3.594
398 28.522 23.763 5.430 3.560
398 27.398 21.141 5.336 3.546
398 29.488 23.613 5.853 3.509
398 28.932 23.568 5.545 3.535
398 29.001 23.758 5.679 3.579
398 29.856 23.884 5.895 3.647
398 28.989 23.711 5.771 3.529
438 28.500 22.763 5.508 3.487
438 28.267 23.404 5.550 3.453
438 27.994 23.259 5.190 3.474
438 27.651 22.407 5.298 3.496
438 27.971 23.268 5.356 3.420
438 28.010 23.021 5.135 3.412
438 27.509 23.194 5.457 3.330
438 26.601 22.942 5.446 3.500
438 28.375 22.671 5.377 3.505
438 27.876 23.239 5.230 3.460
438 27.651 23.376 5.147 3.459
482 27.699 23.168 5.147 3.321
482 26.762 22.005 5.406 3.406
482 27.890 23.008 5.197 3.417
482 27.845 23.167 5.199 3.451
482 27.827 23.089 5.176 3.434
482 27.940 23.274 5.202 3.386
482 26.711 22.032 5.036 3.376
482 27.966 23.239 5.203 3.448
482 28.425 22.946 5.347 3.349
482 28.239 23.075 5.379 3.217
482 28.420 23.024 5.371 3.356
530 28.387 22.733 5.362 3.317
530 28.330 22.810 5.354 3.325
530 27.838 22.781 5.114 2.007
530 8.691 11.979 5.152 3.280
530 28.019 22.838 5.333 3.320
530 28.226 22.849 5.318 3.318
530 27.729 22.816 5.174 3.206
530 26.739 21.908 5.150 3.331
530 27.655 22.934 5.155 3.313
530 27.748 22.808 5.156 3.281
530 27.592 22.540 5.123 3.256
583 27.458 21.962 4.790 3.097
583 27.836 22.548 5.184 3.265
583 27.878 22.742 5.163 3.265
583 27.887 22.879 5.194 3.308
583 27.275 21.613 4.916 3.259
583 27.782 22.582 5.179 3.255
583 27.790 22.725 5.184 3.260
583 26.484 22.526 5.185 3.234
583 9.777 7.065 2.822 3.222
583 27.337 22.497 5.104 3.219
583 27.430 22.417 5.105 3.236
641 27.436 22.466 5.095 3.197
641 25.386 21.144 4.866 3.214
641 27.482 22.335 5.097 3.217
641 27.454 22.527 5.087 3.208
641 27.375 22.598 5.106 3.225
641 27.425 22.554 5.091 3.234
641 27.015 22.434 5.101 3.198
641 27.435 22.682 5.104 3.241
641 27.387 22.462 5.100 3.228
641 27.321 22.551 4.972 3.127
641 27.369 22.560 5.099 3.223
706 27.343 22.303 5.086 3.131
706 26.256 22.170 5.066 3.129
706 26.797 22.451 5.106 3.175
706 27.152 21.503 4.937 3.114
706 27.110 22.289 4.991 3.185
706 27.301 22.277 5.099 3.217
706 27.481 22.457 5.100 3.187
706 27.461 22.587 4.984 3.168
706 27.354 22.329 5.102 3.255
706 27.433 22.469 5.108 3.225
706 26.805 22.548 5.189 3.255
776 27.345 22.485 5.069 3.234
776 27.415 22.201 5.091 3.212
776 27.469 22.562 5.113 3.258
776 27.483 22.629 5.103 3.227
776 27.517 22.559 5.182 3.162
776 26.452 21.334 4.995 3.214
776 27.234 22.283 5.089 3.245
776 26.931 22.573 5.107 3.238
776 27.299 22.311 5.102 3.214
776 27.350 22.441 5.080 3.231
776 27.391 22.557 5.119 3.257
854 27.429 22.482 5.104 3.243
854 27.481 22.501 5.113 3.225
854 27.305 22.143 4.895 3.182
854 27.335 22.429 5.094 3.206
854 26.999 22.396 5.107 3.214
854 27.273 22.281 5.101 3.219
854 27.489 22.492 5.071 3.217
854 27.430 22.360 5.106 3.219
854 27.255 22.427 5.095 3.221
854 27.504 22.466 5.114 3.174
854 27.448 22.259 5.101 3.080
939 26.849 22.362 5.084 3.203
939 27.005 22.248 5.101 3.216
939 27.421 22.447 5.097 3.222
939 27.471 22.487 5.088 3.214
939 27.456 22.454 5.112 3.218
939 27.249 22.433 5.101 3.218
939 27.449 22.455 5.100 3.208
939 27.445 22.395 5.106 3.192
939 26.257 21.194 4.887 3.206
939 26.957 22.421 5.106 3.178
939 27.471 22.429 5.109 3.219
1033 27.334 22.433 5.069 3.209
1033 27.375 22.482 5.115 3.209
1033 27.431 22.511 5.104 3.223
1033 27.464 22.457 5.080 3.210
1033 27.404 22.452 5.091 3.208
1033 27.297 22.270 4.970 3.118
1033 26.944 22.430 5.099 3.210
1033 27.429 22.422 5.110 3.217
1033 27.433 22.409 5.052 3.219
1033 27.476 22.487 5.108 3.216
1033 27.507 22.259 5.103 3.221
1136 27.307 22.336 5.084 3.220
1136 27.372 22.452 5.110 3.213
1136 27.428 22.447 5.099 3.126
1136 26.141 21.345 5.013 3.216
1136 27.364 22.414 5.110 3.214
1136 27.460 22.442 5.034 3.220
1136 27.397 22.461 5.101 3.215
1136 27.438 22.438 5.108 3.214
1136 27.431 22.362 5.104 3.210
1136 27.434 22.475 5.104 3.205
1136 27.366 22.452 5.097 3.223
1250 26.964 21.657 4.847 3.169
1250 27.386 22.458 5.108 3.211
1250 27.415 22.387 5.089 3.219
1250 27.449 22.393 5.100 3.217
1250 27.380 22.512 5.110 3.210
1250 27.213 22.402 5.108 3.219
1250 27.328 22.430 5.102 3.215
1250 27.306 22.487 5.106 3.213
1250 26.731 22.281 5.073 3.059
1250 27.441 22.425 5.102 3.211
1250 27.416 22.281 5.080 3.215
1375 27.417 22.359 5.092 3.218
1375 27.460 22.492 5.102 3.213
1375 27.477 22.418 5.094 3.211
1375 27.401 22.390 5.075 3.218
1375 27.375 21.926 5.087 3.208
1375 26.970 22.432 5.098 3.166
1375 26.037 21.199 4.926 3.211
1375 27.380 22.441 5.084 3.215
1375 27.300 22.404 5.107 3.214
1375 27.453 22.460 5.097 3.211
1375 27.444 22.418 5.107 3.218
1512 27.219 22.476 5.103 3.208
1512 27.459 22.468 5.106 3.195
1512 26.944 22.417 5.102 3.216
1512 27.403 22.423 2.058 2.148
1512 26.249 20.600 4.081 2.804
1512 27.724 21.845 4.939 3.111
1512 26.948 21.578 4.971 3.192
1512 27.894 22.367 5.160 3.247
1512 27.925 22.550 5.194 3.246
1512 27.824 22.581 5.179 3.251
1512 27.875 22.538 5.176 3.201
1664 27.480 22.352 5.030 3.245
1664 27.814 22.553 5.181 3.246
1664 27.881 22.595 5.176 3.243
1664 27.880 22.555 5.189 3.242
1664 27.738 22.543 5.190 3.244
1664 27.861 22.521 5.188 3.238
1664 27.856 22.549 5.187 3.250
1664 27.869 22.549 5.183 3.242
1664 27.912 22.546 5.126 3.158
1664 27.854 22.553 5.189 3.248
1664 27.743 22.528 5.185 3.244
1830 27.768 22.413 5.179 3.241
1830 27.625 22.439 5.190 3.249
1830 27.858 22.568 5.191 3.243
1830 27.809 22.399 5.177 3.246
1830 27.821 22.488 5.167 3.247
1830 27.902 22.560 5.195 3.210
1830 27.011 21.277 5.105 3.248
1830 27.818 22.527 5.166 3.248
1830 27.866 22.471 5.189 3.244
1830 27.566 22.418 5.181 3.248
1830 27.869 22.548 5.186 3.241
2013 27.800 22.563 5.186 3.250
2013 27.811 22.457 5.185 3.242
2013 27.892 22.571 5.189 3.240
2013 27.835 22.537 5.011 3.205
2013 27.395 22.027 5.149 3.243
2013 27.724 22.543 5.186 3.239
2013 27.703 22.297 5.169 3.246
2013 27.828 22.572 5.179 3.247
2013 27.614 22.537 5.189 3.249
2013 27.692 22.349 5.183 3.247
2013 27.896 22.555 5.191 3.244
2214 27.160 22.168 5.145 3.186
2214 26.155 21.552 5.090 3.240
2214 27.119 22.137 5.154 3.233
2214 27.173 22.115 5.137 3.237
2214 27.196 22.138 5.134 3.239
2214 27.162 22.149 5.156 3.241
2214 27.171 22.092 5.153 3.239
2214 27.155 22.168 5.155 3.230
2214 27.168 22.139 5.154 3.238
2214 27.161 21.883 4.925 3.212
2214 27.136 22.151 5.146 3.231
2436 28.197 22.605 5.039 3.177
2436 26.674 21.734 4.980 3.080
2436 24.134 20.253 5.045 3.153
2436 26.162 21.599 5.005 3.233
2436 27.946 22.414 5.186 3.246
2436 28.195 22.508 5.196 3.243
2436 26.486 21.840 5.108 3.180
2436 26.530 21.836 5.127 3.234
2436 26.577 21.645 5.119 3.232
2436 26.391 21.646 5.128 3.233
2436 26.597 21.932 5.143 3.233
2679 26.316 21.678 5.107 3.224
2679 26.263 21.711 5.109 3.232
2679 26.336 21.721 5.128 3.228
2679 26.318 21.034 5.127 3.198
2679 27.599 21.446 5.134 3.250
2679 28.173 22.481 5.193 3.246
2679 26.310 21.643 5.126 3.223
2679 26.327 21.721 5.126 3.227
2679 28.173 22.590 5.194 3.247
2679 26.291 21.605 5.123 3.230
2679 28.183 22.616 5.196 3.240
2947 28.127 22.606 5.191 3.251
2947 28.122 22.564 5.086 3.211
2947 28.001 22.526 5.191 3.240
2947 28.101 22.595 5.192 3.249
2947 26.190 21.655 5.115 3.228
2947 26.258 21.479 5.105 3.221
2947 27.985 22.433 5.194 3.251
2947 26.360 21.752 5.134 3.236
2947 26.296 21.580 5.111 3.233
2947 26.208 21.682 5.102 3.214
2947 26.022 21.414 5.086 3.167
3242 28.083 22.576 5.183 3.252
3242 28.030 22.561 5.176 3.250
3242 28.131 22.495 5.199 3.245
3242 26.346 21.720 5.133 3.232
3242 28.125 22.564 5.187 3.242
3242 28.032 22.585 5.190 3.249
3242 28.121 22.512 5.191 3.245
3242 28.110 22.581 5.191 3.232
3242 26.148 21.532 5.034 3.231
3242 28.048 22.547 5.185 3.246
3242 28.005 22.582 5.197 3.241
3566 28.026 22.601 5.194 3.250
3566 28.073 22.597 5.182 3.248
3566 28.129 22.396 5.176 3.248
3566 27.939 22.401 5.189 3.251
3566 28.070 22.609 5.192 3.247
3566 28.057 22.582 5.168 3.200
3566 8.746 7.016 2.460 3.249
3566 28.095 22.369 4.899 3.243
3566 28.063 22.580 5.171 3.223
3566 26.193 21.645 5.117 3.230
3566 26.223 21.592 5.119 3.227
3923 27.908 22.532 5.179 3.230
3923 28.031 22.608 5.187 3.250
3923 28.006 22.542 4.893 3.172
3923 27.621 22.374 5.185 3.243
3923 27.855 22.282 5.051 2.930
3923 21.277 17.613 4.341 3.211
3923 27.789 22.267 5.128 3.226
3923 27.602 22.298 5.129 3.232
3923 27.695 22.467 5.143 3.225
3923 27.852 22.387 5.138 3.221
3923 27.844 22.389 5.073 3.080
4315 26.830 22.211 5.126 3.207
4315 27.274 22.210 5.110 3.229
4315 27.960 22.367 5.129 3.235
4315 27.297 22.167 5.118 3.222
4315 27.379 22.152 5.124 3.223
4315 27.405 22.231 5.110 3.224
4315 27.396 22.212 5.127 3.224
4315 27.374 22.189 5.124 3.150
4315 25.493 20.592 5.049 3.200
4315 27.274 22.160 5.126 3.212
4315 26.138 22.026 5.126 3.223
4747 26.822 21.899 5.105 3.209
4747 26.825 21.931 5.104 3.208
4747 27.866 22.394 5.135 3.233
4747 26.781 21.941 5.114 3.215
4747 26.814 21.816 5.111 3.224
4747 25.919 21.274 4.814 3.179
4747 26.835 21.712 5.102 3.212
4747 26.779 21.852 5.107 3.223
4747 26.832 21.939 5.105 3.215
4747 26.701 21.968 5.103 3.216
4747 26.785 21.819 5.081 3.224
5221 27.965 22.517 5.151 3.230
5221 27.930 22.481 5.142 3.238
5221 26.276 21.860 5.049 3.041
5221 27.916 22.500 5.153 3.218
5221 26.837 21.935 5.104 3.215
5221 27.940 22.409 5.134 3.233
5221 28.001 22.481 5.147 3.228
5221 27.898 22.443 5.152 3.231
5221 27.936 22.498 5.149 3.228
5221 26.772 21.975 5.116 3.224
5221 26.411 21.788 5.111 3.104
5744 26.649 21.566 4.986 3.222
5744 27.558 21.310 5.082 3.232
5744 27.879 22.430 5.147 3.233
5744 27.530 22.386 5.133 3.220
5744 27.867 22.493 5.151 3.236
5744 27.953 22.455 5.145 3.231
5744 27.873 22.472 5.143 3.231
5744 27.356 22.341 5.152 3.216
5744 27.385 22.467 4.944 3.171
5744 26.631 21.814 5.074 3.220
5744 26.734 21.713 5.094 3.222
6318 27.589 22.287 5.131 3.226
6318 27.601 22.336 5.139 3.226
6318 27.496 22.268 5.114 3.230
6318 27.649 22.276 5.144 3.230
6318 27.104 22.309 5.134 3.218
6318 27.046 22.032 5.115 1.444
6318 8.706 9.005 5.173 3.242
6318 27.817 22.426 5.178 3.237
6318 27.815 22.436 5.180 3.249
6318 27.821 22.397 5.171 3.247
6318 27.838 22.343 5.160 3.242
6950 27.312 22.165 5.165 3.241
6950 28.156 22.592 5.129 3.249
6950 27.274 22.181 4.955 3.166
6950 28.110 22.399 5.178 3.251
6950 27.406 22.181 5.159 3.240
6950 27.400 22.207 5.157 3.244
6950 28.143 22.510 5.174 3.251
6950 27.270 22.149 5.168 3.242
6950 27.302 22.221 5.165 3.238
6950 28.128 22.603 2.065 2.382
6950 26.582 20.033 4.924 3.229
7645 27.284 22.152 5.083 3.093
7645 22.728 18.347 4.207 3.132
7645 27.104 21.971 5.118 3.224
7645 27.996 22.431 5.143 3.230
7645 26.874 21.965 5.113 3.222
7645 27.854 22.423 5.090 3.228
7645 26.846 22.413 5.123 3.221
7645 27.818 22.319 4.967 3.126
7645 27.610 22.111 5.138 3.226
7645 27.830 22.399 5.119 3.226
7645 26.818 22.065 5.096 3.209
8409 27.552 22.290 5.133 3.219
8409 27.707 22.205 5.138 3.230
8409 27.582 22.128 5.001 3.206
8409 27.475 21.637 4.775 3.058
8409 27.801 22.423 5.167 3.113
8409 26.310 21.361 5.134 3.236
8409 27.783 22.392 5.179 3.243
8409 27.810 22.410 5.169 3.240
8409 27.894 22.441 5.179 3.237
8409 27.884 22.418 5.175 3.244
8409 27.808 22.402 5.093 3.194
9250 26.958 22.050 5.161 3.211
9250 27.497 22.189 5.159 3.238
9250 27.004 21.206 4.915 3.201
9250 27.455 22.166 5.145 3.231
9250 27.878 22.475 5.181 3.249
9250 28.137 22.542 5.183 3.242
9250 27.272 22.258 5.150 3.237
9250 27.324 22.043 5.144 3.220
9250 27.098 22.279 5.156 3.234
9250 27.444 22.211 5.155 3.235
9250 28.160 22.477 5.150 3.089
10175 27.414 22.533 5.184 3.186
10175 26.719 21.720 5.173 3.241
10175 28.098 22.439 5.166 3.241
10175 28.078 22.523 5.184 3.206
10175 27.983 22.516 5.178 3.220
10175 27.732 22.326 5.175 3.237
10175 28.037 22.510 5.155 3.228
10175 27.939 22.373 5.181 3.221
10175 26.512 21.119 4.927 3.218
10175 27.989 22.522 5.179 3.246
10175 28.004 22.452 5.181 3.244
11193 27.560 22.256 5.144 3.205
11193 27.619 22.473 5.099 3.199
11193 27.301 22.491 5.098 3.214
11193 27.697 22.410 5.088 3.204
11193 27.558 21.688 5.099 3.219
11193 27.693 22.455 4.971 3.117
11193 27.604 22.344 5.106 3.217
11193 27.141 22.134 5.075 3.213
11193 27.207 22.169 5.083 3.207
11193 27.135 22.138 5.078 3.170
11193 27.161 21.955 5.085 3.219
12312 27.521 22.351 5.102 3.212
12312 27.544 22.459 5.087 3.216
12312 27.662 22.410 5.082 3.080
12312 26.180 21.551 5.101 3.213
12312 27.611 22.372 5.096 3.215
12312 27.577 22.411 5.087 3.205
12312 27.433 22.388 5.101 3.177
12312 27.175 22.340 5.095 3.216
12312 27.465 22.097 5.092 3.207
12312 27.573 22.384 5.094 3.220
12312 27.546 22.298 5.092 3.204
13543 26.505 21.641 4.936 3.046
13543 24.226 20.300 5.040 3.184
13543 26.823 22.108 5.062 3.199
13543 27.522 22.112 5.091 3.182
13543 26.727 21.987 5.037 3.203
13543 27.670 22.411 5.091 3.215
13543 26.973 22.151 5.062 3.197
13543 27.438 22.295 5.097 3.218
13543 27.684 22.424 5.099 3.200
13543 26.357 20.473 4.784 3.205
13543 27.372 22.219 5.095 3.214
14897 27.260 22.208 5.002 3.167
14897 26.475 21.968 5.035 3.146
14897 26.887 21.999 4.988 3.178
14897 26.838 22.099 4.991 3.173
14897 27.552 22.375 5.098 3.209
14897 27.678 22.345 5.079 3.216
14897 27.357 22.182 4.887 3.118
14897 27.642 22.423 5.089 3.212
14897 26.797 22.031 4.986 3.130
14897 26.166 22.069 5.048 3.133
14897 27.662 22.391 5.099 3.220
16387 26.281 21.709 5.006 3.093
16387 26.124 21.421 4.940 3.045
16387 26.004 21.427 4.954 3.040
16387 26.246 21.415 4.906 2.853
16387 25.938 21.430 4.943 3.028
16387 25.953 21.360 4.900 3.021
16387 25.425 21.465 4.971 3.032
16387 26.012 21.374 4.942 3.035
16387 25.864 21.374 4.933 3.025
16387 25.978 21.130 4.926 3.020
16387 25.782 21.413 4.993 3.063
18026 24.605 18.787 4.421 2.569
18026 24.448 20.195 4.604 2.780
18026 24.913 20.256 4.671 2.830
18026 24.584 20.013 4.548 2.655
18026 24.061 19.808 4.429 2.745
18026 24.308 19.874 4.459 2.746
18026 24.147 19.781 4.502 2.690
18026 23.255 19.759 4.458 2.540
18026 19.939 18.092 3.897 2.404
18026 21.350 18.147 3.839 2.432
18026 24.447 20.132 4.591 2.774
19829 19.199 15.907 3.527 2.045
19829 19.095 15.983 3.499 2.036
19829 19.154 15.892 3.450 1.965
19829 18.166 14.790 3.499 2.031
19829 19.292 15.889 3.550 2.020
19829 19.161 16.107 3.559 2.082
19829 19.123 16.001 3.551 2.031
19829 19.118 15.721 3.457 2.040
19829 19.010 15.973 3.415 1.918
19829 19.109 15.743 3.466 2.048
19829 19.179 15.935 3.537 2.040
21811 13.778 12.087 2.115 1.467
21811 13.697 12.221 2.104 1.474
21811 13.149 11.489 2.071 1.462
21811 13.663 12.269 2.070 1.493
21811 13.689 12.298 2.110 1.493
21811 13.659 12.267 2.101 1.463
21811 13.128 11.960 2.108 1.463
21811 13.721 12.258 2.123 1.485
21811 13.784 12.231 2.104 1.480
21811 13.731 12.175 2.103 0.909
21811 10.590 9.810 1.698 1.210
23993 8.771 8.396 1.294 1.038
23993 8.861 8.393 1.264 1.043
23993 8.776 8.400 1.290 1.041
23993 8.744 8.325 1.277 1.030
23993 8.794 8.515 1.272 1.055
23993 9.475 8.999 1.374 0.856
23993 6.252 10.083 1.539 1.230
23993 11.256 10.125 1.562 1.241
23993 10.684 9.687 1.510 1.223
23993 10.974 10.313 1.543 1.259
23993 10.695 9.778 1.499 1.204
26392 11.081 9.624 1.480 1.184
26392 11.141 9.869 1.469 1.213
26392 11.145 9.771 1.481 1.207
26392 11.130 9.781 1.478 1.205
26392 10.842 9.820 1.442 1.211
26392 11.134 9.651 1.482 1.189
26392 10.829 9.777 1.452 1.208
26392 11.109 9.614 1.462 1.189
26392 10.711 9.795 1.432 1.207
26392 11.123 9.827 1.483 1.209
26392 10.616 9.658 1.415 1.193
29031 11.344 9.341 1.477 1.157
29031 11.065 9.618 1.442 1.188
29031 10.510 9.227 1.388 1.173
29031 11.070 9.441 1.441 1.170
29031 11.323 9.630 1.471 0.930
29031 5.609 7.542 1.211 0.874
29031 10.855 9.370 1.433 1.175
29031 11.027 9.596 1.430 1.192
29031 10.958 9.535 1.429 1.177
29031 10.684 9.299 1.395 1.146
29031 11.392 9.774 1.456 1.206
31934 10.929 9.338 1.408 1.155
31934 10.918 9.380 1.408 1.157
31934 10.738 9.292 1.411 1.167
31934 10.681 9.380 1.385 1.161
31934 11.025 9.445 1.424 1.160
31934 11.022 9.555 1.425 1.184
31934 11.008 9.401 1.425 1.163
31934 10.871 9.415 1.406 1.154
31934 10.653 9.190 1.383 1.142
31934 10.887 9.557 1.408 1.185
31934 10.941 9.323 1.406 1.150
35127 11.164 9.248 1.434 1.136
35127 10.803 9.437 1.394 1.159
35127 11.133 9.141 1.416 1.146
35127 11.243 9.591 1.445 1.187
35127 10.918 9.392 1.409 1.160
35127 10.907 9.512 1.394 1.181
35127 11.260 9.393 1.447 1.167
35127 10.927 9.531 1.410 1.176
35127 10.944 9.378 1.395 1.161
35127 10.951 9.589 1.411 1.186
35127 10.919 9.389 1.409 1.160
38640 6.156 4.625 1.066 0.978
38640 8.842 8.045 1.145 0.985
38640 8.187 7.493 1.125 0.977
38640 8.611 7.749 1.117 0.867
38640 5.974 4.795 1.321 1.141
38640 11.063 9.314 1.409 1.152
38640 10.784 9.307 1.376 1.156
38640 11.065 9.179 1.389 1.140
38640 10.758 9.315 1.373 1.160
38640 11.053 9.342 1.410 1.151
38640 10.241 8.864 1.373 1.128
42504 10.643 8.909 1.352 1.109
42504 10.643 9.202 1.355 1.128
42504 10.848 9.246 1.373 1.149
42504 10.850 9.134 1.370 1.137
42504 10.842 9.282 1.365 1.144
42504 10.850 9.199 1.372 1.146
42504 11.446 9.191 1.440 1.140
42504 11.332 9.311 1.422 1.159
42504 11.385 9.311 1.437 1.157
42504 11.374 9.247 1.433 1.154
42504 11.169 9.159 1.397 1.139
46755 11.400 9.285 1.444 1.153
46755 11.247 9.172 1.426 1.147
46755 11.041 8.960 1.408 1.141
46755 10.969 9.217 1.385 1.144
46755 10.768 9.027 1.368 0.840
46755 6.020 7.669 1.111 0.962
46755 8.272 7.461 1.070 0.926
46755 8.298 7.391 1.076 0.923
46755 8.381 7.563 1.087 0.793
46755 8.543 7.681 1.109 0.955
46755 8.518 7.700 1.110 0.961
51430 8.502 7.672 1.105 0.955
51430 8.374 7.531 1.087 0.781
51430 11.039 9.125 1.395 1.126
51430 11.283 9.299 1.425 1.155
51430 11.051 9.174 1.397 1.138
51430 11.027 9.228 1.395 1.136
51430 11.024 9.162 1.395 1.134
51430 11.047 9.292 1.394 1.155
51430 11.038 9.177 1.387 1.138
51430 11.017 9.302 1.396 1.154
51430 11.224 9.102 1.415 1.130
56573 11.296 9.360 1.416 1.162
56573 11.199 9.136 1.415 1.131
56573 11.464 9.135 1.443 1.141
56573 11.046 9.030 1.414 1.134
56573 11.495 9.299 1.444 1.155
56573 11.237 9.026 1.414 1.111
56573 11.196 9.321 1.426 1.159
56573 11.075 9.067 1.398 1.128
56573 11.288 9.285 1.424 0.751
56573 8.441 7.650 1.093 0.950
56573 8.305 7.480 1.082 0.930
62230 8.496 7.619 1.103 0.948
62230 8.480 7.603 1.101 0.947
62230 8.366 7.502 1.088 0.934
62230 8.375 7.507 1.087 0.934
62230 8.592 7.789 1.116 0.966
62230 8.507 7.663 1.104 0.955
62230 8.591 7.802 1.115 0.971
62230 8.466 7.673 1.102 0.956
62230 8.545 7.710 1.109 0.960
62230 8.485 7.667 1.103 0.956
62230 8.608 7.715 1.117 0.963
68454 8.652 7.801 1.059 0.876
68454 10.786 9.262 1.364 1.156
68454 11.105 9.375 1.402 1.166
68454 11.117 9.185 1.390 1.141
68454 11.124 9.237 1.401 1.149
68454 10.944 9.088 1.383 1.129
68454 10.800 9.129 1.359 1.135
68454 10.807 9.182 1.368 1.139
68454 10.762 9.096 1.365 1.122
68454 10.550 9.109 1.370 1.141
68454 10.795 9.090 1.370 1.135
75299 10.911 9.219 1.376 1.136
75299 10.807 8.944 1.376 1.138
75299 10.874 9.188 1.376 0.789
75299 10.623 9.028 1.373 1.129
75299 10.884 9.244 1.377 1.149
75299 10.889 9.157 1.378 1.138
75299 10.780 9.169 1.366 1.135
75299 10.881 9.175 1.376 1.143
75299 10.893 9.116 1.375 1.141
75299 10.763 9.115 1.359 1.126
75299 10.883 9.221 1.375 1.148
82829 11.060 9.162 1.397 1.137
82829 10.961 9.221 1.386 1.144
82829 11.033 9.110 1.393 1.133
82829 11.061 9.178 1.395 1.140
82829 10.957 9.097 1.370 1.132
82829 11.235 9.151 1.415 1.137
82829 11.194 9.232 1.416 1.150
82829 11.032 9.182 1.397 1.148
82829 10.927 9.130 1.381 1.138
82829 10.878 9.133 1.381 1.140
82829 10.975 8.828 1.383 1.129
91112 11.049 9.031 1.395 1.122
91112 11.137 9.102 1.406 1.134
91112 10.874 9.112 1.408 1.135
91112 11.059 9.128 1.397 1.135
91112 11.052 8.970 1.397 1.107
91112 11.143 9.197 1.406 1.141
91112 11.036 9.024 1.399 1.122
91112 11.055 9.177 1.398 0.766
91112 8.447 7.582 1.096 0.944
91112 8.466 7.582 1.096 0.943
91112 8.430 7.582 1.097 0.944
100223 8.604 7.701 1.116 0.961
100223 8.696 7.754 1.123 0.968
100223 8.615 7.706 1.117 0.961
100223 8.697 7.775 1.125 0.962
100223 8.626 7.706 1.115 0.962
100223 8.703 7.772 1.126 0.965
100223 8.683 7.662 1.126 0.964
100223 8.677 7.751 1.123 0.966
100223 8.688 7.623 1.125 0.961
100223 8.705 7.721 1.127 0.965
100223 8.713 7.729 1.126 0.960
110245 8.868 7.845 1.147 0.977
110245 8.861 7.841 1.146 0.657
110245 8.691 7.694 1.143 0.981
110245 8.893 7.890 1.147 0.988
110245 8.870 7.904 1.148 0.982
110245 8.828 7.904 1.142 0.984
110245 8.841 7.887 1.147 0.977
110245 8.844 7.892 1.142 0.983
110245 8.831 7.820 1.142 0.976
110245 8.856 7.866 1.152 0.986
110245 8.884 7.851 1.146 0.976
121270 9.127 8.027 1.175 1.002
121270 9.228 8.172 1.191 1.018
121270 9.272 8.099 1.192 1.010
121270 9.164 8.087 1.180 1.001
121270 9.109 7.976 1.171 1.006
121270 9.246 8.101 1.188 1.011
121270 9.161 8.114 1.177 1.014
121270 9.074 7.995 1.171 1.000
121270 9.233 8.120 1.188 1.007
121270 9.239 8.103 1.188 1.014
121270 9.190 8.146 1.183 1.015
133397 9.392 8.189 1.203 1.019
133397 9.412 8.228 1.209 1.026
133397 9.361 8.142 1.202 1.015
133397 9.267 8.023 1.210 1.020
133397 9.368 8.122 1.203 1.012
133397 9.382 8.228 1.210 1.016
133397 9.356 8.138 1.202 1.016
133397 9.350 8.227 1.202 1.026
133397 9.361 8.164 1.197 1.003
133397 9.452 8.216 1.210 1.028
133397 9.371 8.241 1.203 1.028
146736 9.589 8.312 1.230 1.045
146736 9.606 8.349 1.230 1.042
146736 9.599 8.369 1.229 1.046
146736 9.551 8.312 1.226 1.039
146736 9.523 8.341 1.226 1.042
146736 9.595 8.348 1.227 1.040
146736 9.604 8.387 1.231 1.046
146736 9.525 8.329 1.224 1.032
146736 9.584 8.333 1.228 1.043
146736 9.590 8.352 1.228 1.042
146736 9.548 8.325 1.223 1.040
161410 9.772 8.394 1.249 1.044
161410 9.773 8.437 1.252 1.048
161410 9.567 8.435 1.252 1.052
161410 9.756 8.381 1.252 1.046
161410 9.786 8.434 1.255 1.043
161410 9.792 8.390 1.255 1.046
161410 9.764 8.379 1.256 1.044
161410 9.793 8.331 1.252 1.043
161410 9.794 8.382 1.255 1.042
161410 9.801 8.374 1.256 1.040
161410 9.784 8.292 1.262 1.040
177551 9.983 8.448 1.278 1.054
177551 10.062 8.440 1.284 1.046
177551 9.984 8.464 1.275 1.054
177551 10.009 8.427 1.281 1.051
177551 9.971 8.446 1.277 1.049
177551 10.017 8.461 1.279 1.055
177551 10.016 8.442 1.277 1.052
177551 9.915 8.416 1.278 1.042
177551 9.990 8.601 1.279 1.053
177551 10.001 8.445 1.279 1.049
177551 10.013 8.466 1.279 1.052
195306 10.092 8.483 1.301 1.066
195306 10.189 8.519 1.300 1.060
195306 10.213 8.542 1.301 1.059
195306 10.182 8.536 1.296 1.063
195306 10.172 8.552 1.295 1.066
195306 10.156 8.497 1.297 1.056
195306 10.160 8.511 1.296 1.058
195306 10.160 8.517 1.296 1.060
195306 10.203 8.509 1.300 1.059
195306 10.188 8.488 1.296 1.045
195306 10.161 8.510 1.297 1.061
214837 10.365 8.597 1.321 1.069
214837 10.333 8.561 1.321 1.066
214837 10.354 8.536 1.319 1.062
214837 10.360 8.509 1.319 1.071
214837 10.346 8.509 1.318 1.065
214837 10.375 8.582 1.320 1.067
214837 10.353 8.461 1.316 1.064
214837 10.369 8.593 1.321 1.069
214837 10.359 8.522 1.319 1.062
214837 10.371 8.593 1.318 1.068
214837 10.379 8.602 1.320 1.068
236320 10.529 8.638 1.339 1.079
236320 10.564 8.594 1.342 1.072
236320 10.572 8.635 1.341 1.075
236320 10.459 8.619 1.339 1.073
236320 10.499 8.599 1.359 1.077
236320 10.561 8.630 1.342 1.074
236320 10.550 8.656 1.340 1.078
236320 10.525 8.627 1.339 1.075
236320 10.558 8.659 1.341 1.077
236320 10.466 8.609 1.340 1.075
236320 10.533 8.592 1.336 1.076
259952 10.696 8.640 1.354 1.074
259952 10.685 8.600 1.356 1.072
259952 10.679 8.611 1.356 1.074
259952 10.677 8.602 1.357 1.076
259952 10.639 8.612 1.355 1.073
259952 10.652 8.626 1.355 1.074
259952 10.641 8.612 1.353 1.073
259952 10.675 8.620 1.358 1.075
259952 10.706 8.656 1.359 1.077
259952 10.703 8.654 1.359 1.074
259952 10.711 8.656 1.354 1.078
285947 10.878 8.729 1.378 1.084
285947 10.835 8.651 1.374 1.072
285947 10.834 8.724 1.376 1.085
285947 10.852 8.713 1.376 1.083
285947 10.885 8.668 1.378 1.073
285947 10.739 8.709 1.375 1.083
285947 10.841 8.708 1.374 1.084
285947 10.836 8.705 1.377 1.079
285947 10.697 8.655 1.378 1.084
285947 10.842 8.679 1.373 1.081
285947 10.847 8.731 1.377 1.086
314542 8.511 4.594 0.926 0.926
314542 8.590 7.501 1.113 0.932
314542 8.529 7.449 0.961 1.078
314542 10.803 8.655 1.379 1.087
314542 10.974 8.771 1.393 1.088
314542 10.950 8.747 1.373 1.087
314542 11.025 8.728 1.393 1.085
314542 10.886 8.712 1.386 1.088
314542 10.973 8.573 1.382 1.085
314542 10.965 8.726 1.386 1.086
314542 10.957 8.727 1.385 1.085
345996 10.901 8.588 1.396 1.092
345996 11.070 8.742 1.399 1.090
345996 11.069 8.769 1.399 1.083
345996 11.086 8.776 1.403 1.092
345996 11.030 8.772 1.394 1.090
345996 11.058 8.756 1.386 1.088
345996 11.018 8.776 1.397 1.091
345996 11.068 8.750 1.401 1.087
345996 10.820 8.634 1.394 1.089
345996 11.035 8.761 1.396 1.089
345996 11.024 8.763 1.396 1.082
380596 11.445 8.863 1.449 1.090
380596 11.144 8.792 1.411 1.092
380596 11.156 8.802 1.410 1.091
380596 11.151 8.706 1.401 1.094
380596 11.147 8.762 1.412 1.088
380596 11.170 8.796 1.413 1.091
380596 11.216 8.778 1.412 0.711
380596 8.407 7.370 1.097 0.918
380596 8.481 7.368 1.097 0.909
380596 8.287 7.215 1.092 0.909
380596 8.404 7.304 1.094 0.911
418656 8.670 7.435 1.121 0.822
418656 10.858 8.604 1.364 1.074
418656 10.872 8.661 1.376 1.077
418656 5.524 4.511 1.018 0.917
418656 8.400 7.150 1.112 0.929
418656 8.672 7.488 1.122 0.932
418656 8.646 7.448 1.119 0.921
418656 8.678 7.506 1.124 0.935
418656 8.680 7.498 1.121 0.933
418656 8.656 7.469 1.115 0.932
418656 8.667 7.476 1.120 0.931
460521 8.866 7.621 1.145 0.945
460521 8.711 7.668 1.147 0.957
460521 8.891 7.622 1.147 0.952
460521 8.874 7.677 1.141 0.956
460521 8.901 7.631 1.147 0.953
460521 8.899 7.638 1.147 0.949
460521 8.634 7.478 1.141 0.942
460521 8.858 7.651 1.144 0.956
460521 8.884 7.628 1.142 0.951
460521 8.876 7.664 1.145 0.957
460521 8.839 7.622 1.146 0.953
506573 9.063 7.712 1.168 0.967
506573 9.085 7.765 1.172 0.969
506573 9.079 7.775 1.169 0.968
506573 9.078 7.780 1.172 0.969
506573 9.103 7.802 1.171 0.966
506573 9.103 7.779 1.172 0.970
506573 9.102 7.766 1.173 0.971
506573 9.118 7.588 1.166 0.954
506573 9.056 7.746 1.168 0.969
506573 9.099 7.750 1.171 0.966
506573 9.101 7.795 1.172 0.972
557231 9.316 7.963 1.200 0.986
557231 9.296 7.931 1.195 0.984
557231 9.307 7.890 1.199 0.984
557231 9.291 7.921 1.198 0.984
557231 9.306 7.940 1.198 0.986
557231 9.290 7.901 1.197 0.981
557231 9.295 7.943 1.199 0.986
557231 9.286 7.936 1.198 0.984
557231 9.284 7.925 1.199 0.986
557231 9.295 7.922 1.198 0.977
557231 9.294 7.937 1.198 0.985
612954 9.530 8.039 1.222 0.997
612954 9.539 8.022 1.224 0.998
612954 9.518 8.048 1.220 0.997
612954 9.526 8.026 1.224 0.996
612954 9.516 8.048 1.223 0.996
612954 9.429 7.992 1.221 0.995
612954 9.528 8.036 1.222 0.996
612954 9.512 8.011 1.221 0.996
612954 9.508 8.039 1.224 0.998
612954 7.103 4.609 0.990 1.003
612954 9.521 8.065 1.218 0.999
674249 9.680 8.170 1.248 1.009
674249 6.070 4.856 1.065 0.992
674249 9.472 7.982 1.216 0.642
674249 9.800 8.068 1.252 0.727
674249 9.385 7.936 1.213 0.983
674249 11.152 8.614 1.420 1.044
674249 11.099 8.599 1.423 1.013
674249 9.388 7.901 1.215 0.991
674249 9.427 7.983 1.215 0.771
674249 6.242 8.184 1.249 1.014
674249 9.745 8.159 1.251 1.013
741674 9.866 8.251 1.275 1.022
741674 9.900 8.167 1.265 1.016
741674 9.907 8.136 1.267 1.017
741674 9.894 8.187 1.267 1.017
741674 9.921 8.178 1.264 1.016
741674 9.901 8.186 1.267 1.016
741674 9.909 8.172 1.269 1.017
741674 9.864 8.190 1.270 1.014
741674 9.934 8.192 1.269 1.019
741674 9.927 8.167 1.268 1.018
741674 9.931 8.196 1.268 1.015
815842 10.081 8.245 1.291 1.028
815842 10.117 8.275 1.290 1.026
815842 10.123 8.263 1.290 1.027
815842 10.068 8.222 1.290 1.029
815842 10.118 8.247 1.291 1.028
815842 10.061 8.209 1.289 1.028
815842 10.001 8.260 1.290 1.028
815842 10.074 8.288 1.291 1.029
815842 10.108 8.248 1.288 1.027
815842 10.100 8.176 1.286 1.026
815842 10.109 8.225 1.288 1.026
897426 10.289 8.332 1.308 1.036
897426 10.104 8.239 1.308 1.036
897426 10.278 8.333 1.309 1.037
897426 10.303 8.327 1.309 1.034
897426 10.282 8.330 1.309 1.035
897426 10.288 8.356 1.310 1.036
897426 10.299 8.337 1.310 1.035
897426 10.273 8.346 1.309 1.037
897426 10.294 8.342 1.309 1.036
897426 10.296 8.341 1.310 1.037
897426 10.222 8.337 1.310 1.038
987168 10.451 8.423 1.327 1.047
987168 10.432 8.426 1.328 1.048
987168 10.492 8.450 1.329 1.049
987168 10.489 8.430 1.329 1.044
987168 10.487 8.451 1.330 1.048
987168 10.454 8.425 1.329 1.048
987168 10.423 8.303 1.328 1.049
987168 10.472 8.405 1.329 1.048
987168 10.476 8.428 1.328 1.046
987168 10.485 8.430 1.329 1.045
987168 10.481 8.426 1.328 1.048
