9 39.536 21.611 38.833 22.105
9 39.307 21.610 38.838 22.156
9 39.008 21.608 37.662 21.672
9 38.849 21.755 30.433 16.971
9 39.234 21.309 36.372 21.189
9 39.097 20.963 36.670 20.907
9 38.709 21.252 37.303 21.439
9 38.633 21.294 36.169 21.299
9 38.268 21.305 38.840 21.452
9 39.574 21.916 38.529 21.665
9 39.639 21.468 37.432 20.849
10 37.801 20.787 36.606 21.013
10 38.549 20.750 36.079 21.038
10 38.575 21.712 37.165 21.285
10 37.584 21.177 37.551 21.143
10 39.331 21.321 38.394 21.845
10 39.248 21.671 38.665 21.379
10 32.882 21.559 38.409 21.012
10 38.999 21.916 35.596 21.742
10 38.446 21.488 38.145 21.377
10 37.988 21.196 38.803 22.202
10 39.397 21.449 36.722 21.615
11 39.308 21.235 38.155 21.143
11 39.381 21.596 37.029 21.892
11 39.384 21.678 38.845 21.826
11 39.429 21.459 38.835 21.459
11 39.916 21.695 38.345 21.971
11 39.702 21.926 38.952 21.670
11 39.464 21.800 38.214 21.666
11 38.596 21.252 36.602 22.140
11 40.104 21.692 37.831 21.479
11 38.874 20.953 36.116 21.101
11 38.382 21.060 36.472 21.649
12 38.675 21.737 37.712 21.605
12 40.064 21.953 36.563 21.084
12 38.795 21.225 36.309 21.528
12 40.126 22.012 38.085 21.580
12 38.980 21.192 36.748 21.371
12 39.803 21.612 37.909 20.904
12 39.199 21.732 37.995 21.927
12 40.065 21.753 37.762 21.731
12 39.904 21.121 38.074 21.827
12 40.127 21.364 36.946 21.215
12 39.481 21.823 36.195 20.798
13 40.360 21.548 36.379 21.399
13 38.754 21.812 37.129 21.806
13 39.805 21.304 37.988 21.370
13 39.297 21.425 37.759 20.979
13 38.509 21.487 37.760 21.126
13 40.285 21.386 36.786 21.589
13 40.253 21.669 37.435 21.026
13 37.638 21.051 37.362 20.932
13 38.540 21.567 35.985 21.643
13 39.004 21.563 37.928 21.196
13 38.495 21.232 36.540 20.981
14 39.571 21.367 36.557 21.011
14 39.477 21.737 38.212 21.214
14 39.366 21.594 38.372 21.775
14 40.346 21.803 36.743 21.515
14 39.325 21.477 38.373 21.972
14 39.726 21.562 38.178 21.838
14 39.767 21.819 37.376 21.516
14 39.918 21.692 37.897 21.751
14 40.136 21.915 38.052 21.840
14 40.356 22.020 38.077 21.722
14 40.340 22.034 38.383 21.928
16 40.204 22.060 38.564 21.933
16 40.481 21.764 37.955 21.990
16 39.244 21.692 38.033 22.007
16 39.507 21.923 37.683 21.381
16 40.355 22.007 38.718 22.024
16 40.402 22.078 37.994 21.924
16 39.736 21.442 37.482 21.890
16 40.561 21.859 37.354 21.405
16 39.010 21.131 37.486 21.440
16 40.463 21.865 37.377 20.931
16 38.437 21.317 36.591 21.933
17 39.433 21.956 38.649 21.951
17 38.882 21.380 38.049 21.805
17 40.622 22.075 38.327 20.869
17 39.953 21.789 37.065 21.452
17 38.798 21.106 37.034 21.488
17 38.470 21.041 37.952 21.715
17 39.795 21.781 37.714 21.093
17 39.229 21.419 37.231 20.803
17 40.187 21.565 37.380 21.451
17 38.992 21.433 38.415 21.648
17 40.246 21.772 37.830 21.476
19 40.102 22.010 38.746 21.914
19 39.988 22.025 37.893 20.810
19 40.451 21.452 37.801 18.157
19 39.041 21.350 35.708 19.946
19 39.750 21.768 38.603 20.317
19 38.787 21.910 35.899 19.545
19 39.953 21.763 38.308 21.562
19 40.447 21.850 38.100 21.193
19 40.759 22.098 38.806 21.307
19 39.152 20.995 38.337 21.765
19 40.191 22.130 38.357 20.651
21 39.688 21.183 37.414 17.910
21 38.951 21.541 38.023 21.332
21 39.517 21.148 38.548 18.600
21 40.865 21.854 37.390 18.411
21 40.591 21.425 38.164 19.875
21 38.752 21.208 38.580 19.700
21 38.925 21.245 38.013 19.012
21 40.380 21.303 37.707 18.876
21 39.445 21.038 37.837 19.330
21 40.025 20.755 37.281 21.627
21 38.667 21.435 37.951 20.764
23 38.669 20.637 38.240 18.485
23 39.710 21.584 38.347 19.239
23 39.376 21.873 38.344 21.715
23 40.005 21.594 38.669 19.317
23 40.429 21.062 38.354 17.885
23 39.303 21.292 37.137 20.246
23 40.379 21.786 38.349 20.278
23 40.239 21.642 38.084 19.852
23 40.153 21.228 37.641 19.581
23 40.426 21.687 38.664 19.100
23 40.664 21.200 38.080 21.192
25 39.908 21.528 38.473 18.006
25 39.237 21.206 38.152 18.101
25 39.979 21.344 37.890 17.960
25 40.609 21.646 37.863 18.814
25 40.455 21.773 38.420 21.254
25 40.686 21.837 38.396 19.371
25 40.100 21.376 38.141 17.649
25 39.080 21.423 38.075 18.225
25 40.494 21.648 38.355 20.774
25 39.653 21.619 37.535 17.733
25 40.152 21.692 38.457 19.912
28 40.289 21.372 37.181 17.390
28 39.886 21.598 37.767 19.598
28 39.472 21.300 38.088 18.683
28 39.847 21.796 38.411 20.193
28 40.341 21.471 37.508 18.603
28 40.771 22.008 38.700 20.964
28 39.809 21.737 38.101 18.108
28 40.535 21.551 38.450 18.059
28 39.790 21.694 38.155 19.474
28 40.679 21.367 38.623 18.947
28 40.587 21.465 38.263 18.838
30 39.606 21.416 37.209 18.384
30 39.203 21.459 37.018 17.450
30 40.476 21.647 38.870 20.871
30 39.942 21.495 38.525 19.247
30 40.413 21.545 38.524 19.216
30 40.334 21.483 38.050 18.921
30 39.294 21.864 38.229 19.517
30 41.017 21.477 38.501 19.297
30 40.195 21.554 38.273 17.414
30 39.998 21.705 37.900 17.440
30 39.669 21.669 37.893 18.098
33 37.730 20.682 27.361 12.583
33 38.618 21.072 26.750 12.684
33 37.890 20.662 22.960 12.656
33 38.317 21.239 26.938 12.341
33 37.673 21.106 26.484 12.232
33 37.475 20.948 26.592 12.698
33 38.310 21.364 26.642 13.087
33 37.654 20.522 22.217 12.387
33 37.452 21.069 26.474 12.497
33 37.994 20.289 21.612 12.471
33 38.041 20.682 22.473 12.342
37 32.765 19.828 13.027 5.142
37 32.976 19.984 13.089 5.158
37 32.698 20.013 13.249 5.174
37 32.826 19.876 13.005 5.149
37 32.978 19.832 13.062 5.179
37 33.301 19.997 10.598 5.085
37 32.642 19.801 9.956 4.946
37 33.169 20.156 13.257 5.176
37 33.143 19.806 13.060 5.059
37 32.579 19.744 12.978 5.057
37 33.023 20.233 9.664 5.108
40 31.798 19.264 9.207 3.622
40 33.227 19.573 9.768 3.674
40 32.704 19.595 9.358 3.660
40 32.972 19.545 9.794 3.689
40 33.011 19.487 9.612 3.674
40 33.235 19.668 9.872 3.684
40 32.534 19.320 9.459 3.667
40 33.036 19.679 9.723 3.683
40 32.696 19.656 9.506 3.676
40 32.722 19.594 9.530 3.661
40 33.148 19.686 9.853 3.675
44 33.117 19.663 9.766 3.672
44 32.777 19.652 9.737 3.689
44 33.324 19.627 9.716 3.660
44 33.040 19.585 9.781 3.671
44 33.252 19.685 9.719 3.682
44 32.749 19.587 9.616 3.656
44 33.121 19.692 9.730 3.661
44 32.915 19.477 9.762 3.631
44 32.790 19.667 9.541 3.667
44 32.917 19.700 9.593 3.682
44 32.773 19.646 9.415 3.672
49 33.183 19.652 9.598 3.673
49 32.899 19.680 9.594 3.676
49 33.057 19.718 9.526 3.671
49 32.784 19.469 9.687 3.674
49 33.029 19.574 9.700 3.679
49 32.772 19.647 9.466 3.647
49 32.926 19.722 9.526 3.654
49 32.767 19.698 9.580 3.654
49 32.867 19.621 9.697 3.672
49 32.945 19.585 9.657 3.662
49 33.003 19.697 9.510 3.658
54 32.804 19.595 9.454 3.607
54 33.108 19.584 9.633 3.666
54 32.931 19.594 9.718 3.675
54 33.171 19.698 9.578 3.668
54 33.102 19.653 9.707 3.674
54 32.667 19.700 9.445 3.651
54 32.775 19.649 9.593 3.612
54 32.668 19.469 9.608 3.656
54 32.817 19.648 9.629 3.651
54 31.665 19.314 9.379 3.586
54 31.861 19.254 9.853 3.684
59 32.609 19.626 9.552 3.633
59 33.024 19.701 9.595 3.659
59 33.262 19.672 9.710 3.687
59 32.917 19.760 9.678 3.668
59 33.114 19.651 9.574 3.656
59 33.024 19.604 9.676 3.669
59 32.728 19.541 9.489 3.635
59 32.840 19.636 9.515 3.643
59 32.566 19.564 9.374 3.641
59 32.904 19.674 9.476 3.651
59 33.312 19.761 9.669 3.678
65 33.239 19.775 9.646 3.675
65 33.414 19.763 9.661 3.683
65 33.039 19.580 9.020 3.478
65 33.292 19.506 9.689 3.670
65 33.259 19.703 9.783 3.673
65 33.262 19.740 9.685 3.672
65 33.061 19.555 9.533 3.662
65 32.898 19.642 9.575 3.664
65 32.904 19.619 9.765 3.678
65 33.377 19.670 9.688 3.678
65 33.218 19.694 9.725 3.672
72 33.276 19.597 9.677 3.669
72 33.025 19.563 9.584 3.654
72 32.969 19.401 9.519 3.621
72 33.107 19.673 9.655 3.664
72 33.015 19.629 9.760 3.676
72 30.274 19.624 9.605 3.667
72 33.257 19.714 9.624 3.652
72 32.837 19.650 9.654 3.665
72 33.046 19.567 9.376 3.652
72 33.117 19.691 9.735 3.666
72 33.032 19.518 9.580 3.648
79 33.057 19.703 9.589 3.657
79 33.150 19.657 9.423 3.647
79 32.955 19.633 9.630 3.659
79 33.169 19.668 9.552 3.654
79 32.818 19.497 9.567 3.658
79 33.190 19.745 9.525 3.655
79 32.819 19.364 9.511 3.651
79 33.020 19.540 9.424 3.638
79 33.032 19.416 9.533 3.634
79 32.852 19.613 9.483 3.635
79 33.047 19.550 9.692 3.624
87 32.736 19.249 9.359 3.634
87 32.863 19.292 9.599 3.646
87 33.009 19.311 9.596 3.655
87 32.983 19.426 9.416 3.636
87 32.611 19.384 9.447 3.642
87 32.922 19.454 9.398 3.610
87 33.073 19.493 9.552 3.656
87 32.613 19.433 9.507 3.653
87 32.563 19.477 9.422 3.638
87 32.390 19.602 9.491 3.640
87 33.014 19.565 9.539 3.636
95 32.835 19.540 9.494 3.620
95 33.035 19.583 9.551 3.575
95 32.866 18.689 9.547 3.650
95 32.932 19.310 9.542 3.641
95 33.040 19.593 9.447 3.646
95 32.897 19.117 9.675 3.656
95 33.105 19.614 9.531 3.659
95 33.083 19.655 9.535 3.654
95 33.102 19.667 9.727 3.673
95 33.361 19.304 9.735 3.667
95 33.130 19.678 9.580 3.664
105 33.152 19.679 9.532 3.668
105 33.282 19.752 9.784 3.583
105 33.344 19.485 9.565 3.635
105 32.600 19.318 9.518 3.638
105 33.114 19.665 9.626 3.658
105 33.022 19.676 9.628 3.667
105 32.994 19.190 9.582 3.667
105 33.175 19.650 9.564 3.659
105 32.946 19.568 9.495 3.652
105 33.136 19.506 9.569 3.655
105 32.897 19.371 9.364 3.646
115 32.885 19.655 9.460 3.661
115 32.979 19.561 9.472 3.661
115 33.034 19.683 9.417 3.656
115 33.227 19.304 9.551 3.675
115 33.102 19.597 9.464 3.640
115 33.252 19.575 9.467 3.653
115 32.965 19.664 9.503 3.655
115 33.126 19.420 9.670 3.666
115 33.005 19.675 9.519 3.639
115 32.790 19.650 9.517 3.644
115 32.960 19.685 9.414 3.640
127 32.482 19.682 9.548 3.610
127 32.299 19.152 9.395 3.629
127 33.134 19.647 9.484 3.667
127 32.897 19.710 9.280 3.623
127 32.253 19.667 9.557 3.649
127 32.999 19.572 9.476 3.652
127 32.784 19.606 9.464 3.645
127 32.991 19.696 9.463 3.644
127 32.196 19.607 9.505 3.652
127 33.195 19.612 9.586 3.656
127 32.881 19.604 9.561 3.651
140 32.960 19.549 9.377 3.637
140 30.896 19.618 8.338 3.618
140 31.784 19.414 7.679 3.481
140 33.012 19.669 9.552 3.659
140 33.114 19.655 9.599 3.636
140 33.083 19.687 9.423 3.653
140 32.997 19.666 9.430 3.648
140 30.826 19.321 7.061 3.348
140 32.880 19.653 9.465 3.614
140 31.169 19.087 8.316 3.580
140 30.523 18.932 6.978 3.229
154 32.205 19.583 9.186 3.555
154 31.701 19.428 9.266 3.621
154 33.173 19.660 9.521 3.646
154 33.068 19.669 9.425 3.627
154 32.550 19.489 9.283 3.617
154 32.623 19.602 9.361 3.626
154 32.981 19.644 9.378 3.617
154 33.059 19.663 9.424 3.642
154 32.735 19.370 9.181 3.582
154 32.956 19.420 9.345 3.617
154 32.780 19.451 9.305 3.604
169 32.796 19.556 9.323 3.635
169 32.759 19.673 9.374 3.640
169 32.773 19.581 9.197 3.618
169 32.394 19.562 9.306 3.636
169 32.663 19.688 9.377 3.645
169 33.114 19.676 9.424 3.607
169 31.075 19.363 7.467 3.492
169 31.183 19.501 7.516 3.544
169 32.988 19.504 9.318 3.640
169 31.687 19.419 8.085 3.483
169 32.816 19.638 9.366 3.614
186 33.095 19.653 7.909 3.595
186 32.710 19.208 9.220 3.615
186 31.261 19.331 7.487 3.399
186 30.778 19.004 7.344 3.243
186 33.021 19.645 9.340 3.634
186 32.598 19.627 9.336 3.625
186 31.649 19.506 7.813 3.522
186 33.039 19.551 9.367 3.603
186 31.480 19.500 7.790 3.529
186 32.829 19.591 9.318 3.615
186 31.189 19.334 7.739 3.480
204 31.185 19.259 7.642 3.381
204 29.613 18.946 6.464 3.211
204 30.891 18.983 7.355 3.261
204 32.958 19.643 9.388 3.625
204 31.113 18.846 7.355 3.215
204 31.110 19.127 7.222 3.205
204 31.955 19.493 8.601 3.558
204 32.998 19.680 9.415 3.643
204 30.703 18.971 7.115 3.164
204 31.260 19.264 7.684 3.402
204 32.852 19.464 9.253 3.588
225 30.106 19.048 6.624 3.227
225 29.623 18.619 6.294 2.985
225 29.037 18.435 5.939 2.879
225 28.929 18.729 5.751 3.042
225 31.836 19.444 7.983 3.500
225 29.016 18.479 5.720 2.887
225 30.458 18.968 6.737 3.254
225 31.489 19.292 7.953 3.372
225 30.203 19.134 6.720 3.302
225 29.990 19.004 6.471 3.182
225 31.108 19.018 7.182 3.192
247 29.107 18.640 5.877 2.938
247 30.081 18.821 6.475 3.052
247 30.595 19.008 6.851 3.258
247 29.181 18.360 5.533 2.905
247 29.280 18.613 5.940 2.953
247 29.286 18.632 5.927 2.997
247 29.151 18.759 5.453 3.083
247 28.504 18.197 5.282 2.755
247 28.146 18.040 5.271 2.861
247 30.615 18.704 6.753 3.282
247 29.630 18.897 5.964 3.085
272 29.422 17.711 5.905 2.856
272 29.493 18.437 5.876 2.851
272 27.600 18.325 5.036 2.900
272 29.268 18.455 5.803 2.929
272 28.681 17.798 5.424 2.860
272 27.404 17.811 4.973 2.745
272 27.161 17.773 4.691 2.653
272 28.391 17.949 5.309 2.848
272 29.593 18.351 6.082 2.978
272 28.717 18.170 5.081 2.850
272 28.071 17.896 5.205 2.633
299 28.097 17.618 5.279 2.682
299 27.542 17.711 4.722 2.646
299 28.496 17.996 5.347 2.687
299 27.281 17.413 5.174 2.624
299 27.444 17.608 4.707 2.457
299 27.944 17.729 4.821 2.591
299 28.488 17.790 5.326 2.744
299 26.676 17.426 4.757 2.488
299 27.954 18.082 5.225 2.640
299 27.744 17.728 4.958 2.577
299 27.903 17.528 5.287 2.636
329 27.040 17.558 4.519 2.494
329 26.393 17.281 4.992 2.622
329 26.869 17.480 4.574 2.449
329 26.502 17.387 4.256 2.469
329 27.191 17.771 4.922 2.549
329 27.534 17.793 4.969 2.601
329 26.685 17.660 4.767 2.540
329 27.199 17.608 4.762 2.571
329 26.930 17.265 4.507 2.496
329 27.361 17.661 4.723 2.553
329 27.671 17.673 4.691 2.486
362 26.549 17.197 4.447 2.403
362 27.195 17.478 4.661 2.478
362 26.565 17.448 4.416 2.371
362 26.493 17.491 4.456 2.486
362 27.352 17.422 4.685 2.487
362 25.866 16.946 4.218 2.387
362 26.815 17.218 4.459 2.412
362 26.664 17.520 4.493 2.444
362 26.912 17.073 4.448 2.405
362 26.628 17.241 4.382 2.430
362 26.454 17.159 4.230 2.337
398 26.231 16.937 4.242 2.328
398 26.185 17.196 4.278 2.329
398 26.804 17.479 4.099 2.353
398 26.242 17.409 4.410 2.424
398 25.693 17.172 4.222 2.326
398 26.380 17.078 4.235 2.308
398 25.914 17.344 4.224 2.468
398 26.622 17.431 4.381 2.383
398 26.117 17.296 4.267 2.315
398 25.802 17.391 4.250 2.424
398 26.376 17.036 4.396 2.345
438 26.541 17.108 4.326 2.313
438 26.703 16.945 4.388 2.346
438 26.641 17.342 4.392 2.405
438 26.371 16.751 4.229 2.349
438 25.721 16.826 4.198 2.306
438 26.047 17.143 4.199 2.359
438 26.009 16.777 4.255 2.324
438 25.907 17.477 4.174 2.413
438 26.176 17.304 4.263 2.358
438 25.843 17.079 4.238 2.339
438 25.551 16.988 4.206 2.317
482 26.130 17.152 4.260 2.314
482 26.532 17.323 4.261 2.320
482 26.390 17.233 4.263 2.319
482 26.215 17.330 4.280 2.336
482 26.406 17.257 4.255 2.326
482 26.608 17.183 4.206 2.315
482 26.624 17.250 4.239 2.289
482 26.333 17.266 4.219 2.309
482 26.281 16.771 4.219 2.302
482 26.483 17.028 4.240 2.320
482 26.031 17.278 4.230 2.293
530 25.903 17.233 4.165 2.330
530 26.590 17.082 4.233 2.323
530 26.598 17.351 4.239 2.311
530 26.509 17.252 4.262 2.330
530 26.186 17.116 4.268 2.334
530 26.352 17.145 4.239 2.336
530 26.008 17.051 4.187 2.301
530 26.370 17.246 4.189 2.291
530 26.133 17.149 4.287 2.322
530 26.365 17.031 4.251 2.312
530 25.912 17.186 4.226 2.335
583 26.053 17.061 4.262 2.332
583 26.356 17.373 4.254 2.320
583 26.561 17.450 4.286 2.304
583 26.406 17.056 4.270 2.310
583 25.842 17.032 4.249 2.292
583 25.918 17.142 4.216 2.306
583 26.308 17.184 4.239 2.298
583 25.742 16.947 4.235 2.327
583 26.002 17.269 4.233 2.324
583 26.281 17.236 4.221 2.329
583 26.413 17.274 4.232 2.307
641 26.145 17.311 4.291 2.327
641 26.469 17.280 4.269 2.334
641 26.309 17.207 4.272 2.323
641 26.173 17.336 4.273 2.318
641 26.452 17.159 4.253 2.332
641 26.494 17.319 4.239 2.317
641 26.005 17.047 4.197 2.303
641 26.154 17.354 4.237 2.317
641 26.353 17.219 4.234 2.304
641 26.134 17.129 4.239 2.301
641 26.231 17.166 4.233 2.318
706 26.617 17.345 4.259 2.327
706 26.364 17.018 4.261 2.328
706 26.324 17.259 4.276 2.335
706 26.189 17.339 4.252 2.306
706 26.411 17.297 4.270 2.294
706 25.844 16.978 4.225 2.316
706 26.549 17.311 4.271 2.322
706 26.457 17.356 4.277 2.334
706 26.396 17.050 4.252 2.320
706 26.519 17.226 3.954 2.322
706 26.052 17.210 4.281 2.323
776 26.385 16.852 4.240 2.321
776 26.404 17.324 4.257 2.320
776 26.375 17.361 4.269 2.329
776 26.575 17.326 4.266 2.315
776 26.495 17.316 4.226 2.327
776 26.391 17.218 4.279 2.328
776 26.615 17.285 4.267 2.319
776 25.882 16.926 4.258 2.291
776 25.632 17.142 4.236 2.316
776 26.525 17.295 4.280 2.329
776 26.502 17.276 4.283 2.330
854 26.269 17.030 4.262 2.294
854 26.160 17.093 4.187 2.305
854 26.288 17.001 4.207 2.319
854 26.018 17.281 4.216 2.314
854 25.334 17.086 4.230 2.309
854 26.056 17.006 4.265 2.298
854 25.912 16.947 4.233 2.319
854 26.605 17.199 4.200 2.290
854 26.336 17.152 4.273 2.331
854 26.251 17.155 4.269 2.324
854 26.262 17.265 4.287 2.331
939 26.312 17.373 4.264 2.324
939 26.459 17.294 4.247 2.325
939 26.477 17.213 4.287 2.318
939 26.042 17.260 4.252 2.310
939 26.200 17.157 4.225 2.314
939 26.493 17.319 4.250 2.313
939 26.189 17.027 4.257 2.324
939 25.864 17.129 4.188 2.303
939 26.287 16.995 4.264 2.336
939 26.542 17.396 4.283 2.339
939 26.586 17.359 4.293 2.337
1033 26.588 17.287 4.298 2.329
1033 26.025 17.296 4.227 2.308
1033 26.449 17.189 4.284 2.335
1033 26.413 17.213 4.291 2.325
1033 26.564 16.870 4.233 2.319
1033 26.428 16.953 4.205 2.320
1033 26.097 17.237 4.234 2.319
1033 26.074 17.329 4.226 2.289
1033 26.017 16.673 4.257 2.333
1033 26.266 17.110 4.219 2.315
1033 26.439 17.061 4.247 2.302
1136 25.680 16.986 4.215 2.322
1136 26.121 17.212 4.286 2.327
1136 26.077 17.011 4.225 2.335
1136 26.463 17.264 4.278 2.329
1136 26.495 17.388 4.286 2.323
1136 26.249 17.315 4.299 2.335
1136 26.416 17.342 4.289 2.338
1136 26.245 17.248 4.284 2.336
1136 26.486 17.431 4.292 2.333
1136 26.123 17.212 4.281 2.340
1136 26.501 17.210 4.293 2.340
1250 26.439 17.347 4.286 2.338
1250 26.482 17.380 4.299 2.332
1250 26.325 17.240 4.269 2.319
1250 26.482 17.362 4.280 2.328
1250 26.266 17.152 4.223 2.326
1250 26.209 17.204 4.259 2.331
1250 26.323 17.242 4.257 2.309
1250 25.524 17.033 4.267 2.301
1250 26.241 17.131 4.234 2.304
1250 25.832 17.188 4.241 2.323
1250 26.468 17.257 4.250 2.332
1375 26.197 17.203 4.282 2.325
1375 26.349 17.161 4.246 2.299
1375 26.347 16.557 4.218 2.335
1375 26.550 17.426 4.284 2.325
1375 25.864 17.096 4.282 2.247
1375 22.750 16.697 4.131 2.304
1375 26.076 17.262 4.178 2.332
1375 26.293 17.276 4.259 2.297
1375 26.193 17.080 4.233 2.298
1375 26.182 17.209 4.252 2.327
1375 26.379 17.202 4.247 2.330
1512 26.305 17.291 4.263 2.322
1512 26.536 17.406 4.255 2.324
1512 26.522 17.317 4.277 2.320
1512 26.396 17.184 4.287 2.336
1512 26.566 17.361 4.263 2.339
1512 26.526 17.311 4.293 2.341
1512 26.534 17.349 4.282 2.339
1512 26.509 17.344 4.270 2.335
1512 26.538 17.335 4.300 2.344
1512 26.663 17.306 4.300 2.343
1512 26.510 17.219 4.294 2.343
1664 26.413 17.369 4.280 2.341
1664 26.603 17.329 4.298 2.343
1664 26.501 17.315 4.302 2.328
1664 26.046 16.967 4.287 2.331
1664 26.449 17.097 4.283 2.336
1664 26.503 17.347 4.283 2.338
1664 26.496 17.330 4.276 2.339
1664 26.485 17.317 4.293 2.338
1664 26.453 17.350 4.298 2.337
1664 26.410 17.241 4.288 2.345
1664 26.567 17.486 4.302 2.347
1830 26.465 17.367 4.307 2.351
1830 26.472 17.242 4.253 2.334
1830 26.295 17.388 4.263 2.332
1830 25.111 17.156 4.292 2.330
1830 26.515 17.416 4.297 2.327
1830 26.522 17.091 4.293 2.343
1830 26.360 17.098 4.296 2.343
1830 26.511 17.377 4.288 2.334
1830 26.392 17.379 4.300 2.338
1830 26.553 17.372 4.288 2.343
1830 26.506 17.181 4.294 2.346
2013 26.468 17.341 4.281 2.339
2013 26.518 17.318 4.266 2.336
2013 26.503 17.396 4.296 2.333
2013 26.380 17.083 4.290 2.337
2013 26.446 17.359 4.268 2.329
2013 26.291 17.219 4.266 2.327
2013 26.237 17.157 4.273 2.339
2013 26.561 17.388 4.263 2.335
2013 26.448 17.239 4.279 2.322
2013 26.530 17.337 4.287 2.327
2013 26.305 17.174 4.291 2.336
2214 26.263 17.263 4.253 2.318
2214 26.423 17.273 4.266 2.328
2214 26.464 17.257 4.277 2.313
2214 26.274 17.364 4.286 2.328
2214 26.342 17.205 4.264 2.324
2214 26.229 17.247 4.266 2.333
2214 26.047 17.268 4.267 2.328
2214 26.329 17.287 4.265 2.326
2214 26.458 17.341 4.275 2.336
2214 26.301 17.314 4.284 2.327
2214 26.503 17.272 4.283 2.328
2436 26.290 17.183 4.276 2.330
2436 26.363 17.282 4.239 2.329
2436 26.207 17.216 4.269 2.275
2436 25.735 17.009 4.179 2.305
2436 26.670 17.337 4.281 2.328
2436 26.391 17.126 4.282 2.326
2436 26.184 17.346 4.259 2.332
2436 26.325 17.339 4.269 2.327
2436 26.375 17.233 4.271 2.322
2436 26.197 17.256 4.266 2.325
2436 26.332 17.295 4.263 2.327
2679 26.334 17.247 4.256 2.330
2679 17.340 17.193 4.262 2.325
2679 26.349 17.277 4.264 2.319
2679 26.134 17.186 4.262 2.331
2679 26.492 17.116 4.261 2.320
2679 25.966 17.298 4.285 2.327
2679 26.250 17.306 4.264 2.314
2679 26.224 17.246 4.261 2.323
2679 26.300 17.212 4.271 2.331
2679 26.348 17.305 4.274 2.332
2679 26.275 17.281 4.274 2.321
2947 26.641 16.931 4.238 2.316
2947 26.207 17.027 4.251 2.324
2947 26.256 17.198 4.251 2.316
2947 26.190 16.943 4.218 2.320
2947 26.137 17.136 4.234 2.305
2947 26.418 17.357 4.235 2.315
2947 26.059 17.043 4.255 2.326
2947 26.233 17.345 4.264 2.324
2947 26.060 17.178 4.253 2.327
2947 26.232 17.325 4.265 2.335
2947 26.201 17.135 4.256 2.325
3242 26.331 17.355 4.270 2.316
3242 26.127 17.150 4.281 2.322
3242 26.265 17.163 4.243 2.329
3242 26.355 17.323 4.245 2.322
3242 26.532 17.335 4.273 2.319
3242 26.398 17.250 4.274 2.325
3242 26.218 17.191 4.274 2.331
3242 26.329 17.169 4.269 2.324
3242 26.411 17.353 4.272 2.322
3242 26.279 17.147 4.274 2.319
3242 26.418 17.290 4.279 2.329
3566 26.314 17.356 4.270 2.327
3566 26.378 17.310 4.283 2.330
3566 26.397 17.353 4.274 2.328
3566 26.383 17.328 4.242 2.331
3566 26.349 17.391 4.279 2.338
3566 25.165 17.014 4.262 2.333
3566 26.354 17.412 4.289 2.336
3566 26.461 17.314 4.296 2.338
3566 26.321 17.305 4.255 2.334
3566 26.471 17.292 4.269 2.333
3566 26.387 17.247 4.248 2.323
3923 26.426 17.037 4.267 2.320
3923 26.491 17.114 4.243 2.320
3923 26.428 16.902 4.274 2.335
3923 26.541 17.043 4.235 2.331
3923 26.421 17.292 4.270 2.326
3923 26.618 17.224 4.268 2.334
3923 26.409 17.259 4.278 2.328
3923 26.494 17.300 4.271 2.329
3923 26.230 17.262 4.273 2.325
3923 26.319 17.165 4.250 2.328
3923 26.428 17.264 4.273 2.328
4315 26.367 17.221 4.269 2.319
4315 26.532 17.303 4.268 2.324
4315 26.325 17.142 4.260 2.330
4315 26.480 17.303 4.249 2.324
4315 26.067 17.333 4.254 2.316
4315 26.448 17.250 4.274 2.328
4315 26.349 17.290 4.280 2.335
4315 26.531 17.247 4.285 2.301
4315 23.342 15.094 3.971 2.339
4315 26.507 17.351 4.286 2.348
4315 26.584 17.253 4.295 2.337
4747 26.502 17.277 4.297 2.338
4747 26.505 17.316 4.291 2.342
4747 26.689 17.356 4.291 2.340
4747 26.454 17.237 4.287 2.339
4747 26.550 17.314 4.268 2.344
4747 26.703 17.390 4.290 2.338
4747 26.498 17.326 4.295 2.346
4747 26.607 17.316 4.306 2.244
4747 26.575 17.354 4.304 2.349
4747 26.929 17.357 4.284 2.347
4747 26.601 17.403 4.293 2.342
5221 26.629 17.288 4.299 2.338
5221 26.358 17.277 4.289 2.342
5221 26.541 17.161 4.295 2.334
5221 25.734 17.098 4.273 2.336
5221 26.396 17.174 4.266 2.327
5221 26.464 17.191 4.286 2.342
5221 26.494 17.232 4.273 2.340
5221 26.384 17.318 4.286 2.330
5221 26.531 17.349 4.285 2.331
5221 26.487 17.089 4.276 2.333
5221 26.417 17.248 4.267 2.340
5744 26.273 17.190 4.268 2.331
5744 26.470 17.298 4.270 2.332
5744 26.119 17.194 4.278 2.332
5744 26.398 17.222 4.291 2.342
5744 26.595 17.301 4.269 2.344
5744 26.536 17.155 4.277 2.339
5744 26.578 17.270 4.288 2.337
5744 26.237 17.133 4.269 2.342
5744 26.411 17.277 4.274 2.337
5744 26.301 17.192 4.268 2.312
5744 26.495 17.319 4.280 2.340
6318 26.612 17.172 4.266 2.336
6318 26.531 17.221 4.271 2.337
6318 26.462 17.173 4.263 2.336
6318 26.425 17.215 4.263 2.337
6318 26.350 17.111 4.277 2.316
6318 26.477 17.151 4.256 2.331
6318 26.384 17.175 4.269 2.320
6318 26.420 17.154 4.256 2.327
6318 26.364 17.119 4.259 2.325
6318 26.415 17.057 4.236 2.330
6318 26.395 17.100 4.220 2.321
6950 26.538 16.991 4.243 2.314
6950 26.309 17.051 4.261 2.308
6950 26.301 16.854 4.228 2.329
6950 26.582 16.955 4.229 2.325
6950 26.541 17.052 4.236 2.315
6950 26.693 17.096 4.247 2.305
6950 26.312 17.003 4.236 2.319
6950 26.335 16.344 4.238 2.325
6950 26.571 17.118 4.267 2.332
6950 26.361 17.162 4.269 2.148
6950 22.765 17.045 4.260 2.331
7645 26.617 16.985 4.020 2.221
7645 26.730 16.951 4.259 2.336
7645 26.418 16.982 4.245 2.324
7645 26.752 16.965 4.264 2.322
7645 26.689 16.939 4.253 2.334
7645 26.780 16.944 4.256 2.328
7645 26.794 16.935 4.253 2.326
7645 26.595 16.976 4.259 2.328
7645 26.787 16.760 4.256 2.324
7645 26.687 16.975 4.259 2.331
7645 26.806 16.784 4.255 2.328
8409 26.878 17.012 4.259 2.316
8409 26.787 16.903 4.261 2.329
8409 26.936 16.885 4.250 2.338
8409 26.902 16.880 4.245 2.321
8409 27.078 16.897 4.258 2.333
8409 26.859 16.811 4.253 2.328
8409 26.851 16.843 4.242 2.333
8409 26.926 16.862 4.254 2.328
8409 26.902 16.882 4.254 2.324
8409 27.012 16.847 4.264 2.332
8409 26.893 16.846 4.250 2.332
9250 27.190 16.674 4.239 2.325
9250 27.346 16.456 4.242 2.305
9250 26.998 16.757 4.255 2.328
9250 27.059 16.821 4.255 2.223
9250 27.294 16.365 4.243 2.312
9250 26.891 16.455 4.242 2.327
9250 27.096 16.808 4.263 2.335
9250 26.947 16.869 4.262 2.332
9250 27.186 16.678 4.253 2.331
9250 27.309 16.779 4.243 2.325
9250 27.295 16.743 4.254 2.310
10175 27.096 16.636 4.249 2.317
10175 27.064 16.729 4.243 2.328
10175 27.383 16.613 4.249 2.326
10175 27.173 16.656 4.247 2.324
10175 27.135 16.753 4.255 2.327
10175 27.310 16.617 4.257 2.325
10175 27.250 16.717 4.247 2.333
10175 27.212 16.773 4.256 2.332
10175 27.167 16.633 4.255 2.319
10175 27.287 16.657 4.255 2.321
10175 27.235 16.775 4.253 2.321
11193 27.130 16.685 4.252 2.322
11193 26.880 16.697 4.241 2.316
11193 27.122 16.736 4.252 2.318
11193 27.205 16.535 4.239 2.316
11193 27.157 16.597 4.246 2.320
11193 27.337 16.661 4.222 2.310
11193 27.112 16.517 4.249 2.313
11193 27.334 16.622 4.251 2.313
11193 27.246 16.609 4.252 2.315
11193 26.989 16.435 4.242 2.313
11193 27.205 16.516 4.243 2.322
12312 27.138 16.546 4.241 2.320
12312 27.177 16.365 4.247 2.321
12312 27.401 16.584 4.235 2.305
12312 27.233 16.475 4.256 2.314
12312 27.139 16.697 4.259 2.325
12312 27.189 16.677 4.268 2.326
12312 27.314 16.607 4.252 2.326
12312 27.273 16.681 4.263 2.330
12312 27.273 16.575 4.245 2.330
12312 27.340 16.663 4.260 2.328
12312 27.480 16.759 4.264 2.323
13543 27.403 16.636 4.249 2.314
13543 27.361 16.596 4.247 2.319
13543 27.295 16.466 4.237 2.296
13543 26.700 16.208 4.223 2.321
13543 27.374 16.529 4.264 2.314
13543 27.376 16.638 4.272 2.329
13543 27.095 16.687 4.257 2.328
13543 27.329 16.503 4.247 2.310
13543 27.298 16.561 4.252 2.309
13543 27.195 16.577 4.244 2.319
13543 27.222 15.699 4.245 2.327
14897 27.374 16.697 4.257 2.316
14897 27.224 16.157 4.248 2.287
14897 27.136 16.430 4.262 2.306
14897 27.047 16.477 4.247 2.319
14897 27.220 16.496 4.258 2.325
14897 27.487 16.666 4.262 2.303
14897 27.511 16.680 4.271 2.323
14897 27.344 16.555 4.256 2.331
14897 27.389 16.600 4.255 2.317
14897 27.325 16.618 4.245 2.320
14897 27.257 16.702 4.262 2.174
16387 26.328 16.421 4.261 2.282
16387 27.037 16.364 4.241 2.231
16387 27.142 16.582 4.236 2.284
16387 26.860 16.439 4.259 2.308
16387 26.672 16.656 4.266 2.295
16387 27.351 16.676 4.265 2.315
16387 26.654 16.573 4.268 2.308
16387 27.275 16.498 4.233 2.302
16387 27.110 16.381 4.250 2.237
16387 26.958 16.130 4.234 2.307
16387 24.626 14.788 4.236 2.153
18026 26.863 15.737 4.227 2.201
18026 27.027 16.453 4.235 2.258
18026 26.822 15.978 4.241 2.229
18026 27.040 15.474 4.193 2.195
18026 26.877 15.479 4.198 2.145
18026 26.514 15.226 4.172 1.972
18026 24.330 14.024 4.126 2.107
18026 26.314 15.710 4.226 2.208
18026 26.515 15.182 4.207 2.201
18026 26.062 15.389 4.207 2.248
18026 26.774 15.734 4.228 2.134
19829 20.591 11.420 4.164 2.080
19829 26.564 15.657 4.190 2.142
19829 26.090 15.424 4.184 2.062
19829 25.089 14.236 4.134 2.105
19829 26.186 14.965 4.180 2.133
19829 26.029 14.599 4.197 2.140
19829 25.239 14.297 4.101 1.930
19829 24.870 15.048 4.169 1.977
19829 24.409 14.713 4.100 1.836
19829 21.921 13.587 4.074 1.914
19829 23.868 14.420 4.133 2.013
21811 21.603 12.845 3.969 1.691
21811 23.193 12.760 4.012 1.964
21811 24.547 15.042 4.113 1.937
21811 22.502 12.304 4.094 1.994
21811 23.745 14.283 4.133 1.943
21811 23.368 12.931 4.097 1.873
21811 23.813 13.664 4.103 2.019
21811 25.600 15.012 4.150 1.989
21811 23.218 14.889 4.178 2.101
21811 25.867 14.874 4.215 2.098
21811 24.594 14.099 4.132 1.885
23993 19.451 12.345 3.966 1.838
23993 21.828 12.468 4.104 1.996
23993 24.684 14.177 4.141 2.038
23993 24.685 15.731 4.161 2.067
23993 25.789 15.476 4.196 2.052
23993 25.463 15.593 4.172 1.986
23993 21.888 14.284 4.092 1.874
23993 24.354 13.721 4.134 1.920
23993 22.000 13.917 4.038 1.925
23993 24.163 13.748 4.107 1.987
23993 24.144 14.375 4.114 1.934
26392 21.360 13.964 3.993 1.812
26392 14.759 10.617 3.753 1.630
26392 18.340 11.569 3.834 1.642
26392 15.674 11.547 3.895 1.690
26392 18.438 11.985 3.914 1.672
26392 18.018 12.463 3.936 1.704
26392 20.226 13.423 3.987 1.595
26392 21.700 13.966 4.048 1.968
26392 22.736 14.319 4.135 1.927
26392 22.119 13.462 4.138 1.908
26392 21.772 13.740 3.959 1.897
29031 20.091 12.299 3.989 1.740
29031 21.080 12.915 3.918 1.635
29031 17.955 12.349 3.716 1.480
29031 16.281 11.448 3.685 1.596
29031 17.774 12.293 3.851 1.777
29031 23.281 13.804 4.039 1.841
29031 19.781 12.653 3.944 1.747
29031 21.030 13.738 3.893 1.671
29031 21.611 13.008 3.904 1.790
29031 21.831 11.089 3.777 1.788
29031 22.259 13.661 4.033 1.854
31934 19.079 12.027 3.539 1.498
31934 14.828 10.743 3.364 1.191
31934 12.934 10.728 3.411 1.366
31934 15.594 11.211 3.112 1.357
31934 14.985 10.880 3.005 1.358
31934 13.045 10.665 3.442 1.463
31934 15.992 11.579 3.516 1.274
31934 12.920 8.750 2.587 1.123
31934 11.959 8.565 2.841 1.197
31934 13.395 9.828 2.932 1.308
31934 13.808 10.337 3.092 1.259
35127 11.961 8.575 2.386 0.970
35127 10.925 7.608 2.231 1.014
35127 11.889 8.258 2.701 1.256
35127 13.333 9.529 3.002 1.315
35127 14.600 10.269 3.120 1.286
35127 13.138 10.541 2.903 1.309
35127 13.497 9.682 2.933 1.280
35127 13.090 9.654 3.001 1.317
35127 14.671 9.565 2.844 1.237
35127 14.992 10.647 3.372 1.200
35127 12.293 8.911 2.554 1.329
38640 12.746 8.047 2.223 1.072
38640 11.886 8.329 2.286 1.093
38640 12.830 9.048 2.469 1.143
38640 12.739 8.117 2.460 1.219
38640 13.146 9.599 2.861 1.114
38640 12.529 9.202 2.771 1.206
38640 13.374 9.415 2.550 1.061
38640 11.377 8.349 1.701 0.986
38640 11.668 8.097 2.468 1.228
38640 13.892 10.166 2.711 1.182
38640 12.767 9.339 2.603 1.208
42504 12.827 8.420 2.020 1.020
42504 11.528 7.901 2.252 1.117
42504 12.041 8.820 2.327 1.068
42504 11.141 8.883 1.653 0.919
42504 9.692 7.139 1.375 0.902
42504 10.225 8.032 1.766 0.957
42504 12.112 7.921 1.798 0.961
42504 10.566 7.458 1.670 0.961
42504 10.474 7.528 1.645 0.927
42504 10.737 8.000 1.763 0.894
42504 10.342 7.328 1.514 0.969
46755 10.485 7.342 1.441 0.919
46755 10.276 7.114 1.491 0.949
46755 11.129 7.321 1.585 0.905
46755 9.613 7.281 1.384 0.874
46755 10.589 7.708 1.333 0.862
46755 9.234 6.811 1.280 0.928
46755 11.021 7.545 1.549 0.903
46755 9.969 7.276 1.347 0.896
46755 10.409 7.424 1.567 0.909
46755 10.108 7.677 1.492 0.912
46755 10.011 7.004 1.254 0.852
51430 9.383 7.008 1.318 0.902
51430 9.558 7.321 1.415 0.913
51430 10.164 7.284 1.408 0.938
51430 10.188 7.320 1.417 0.931
51430 10.352 7.076 1.342 0.852
51430 10.331 7.022 1.270 0.883
51430 10.292 7.151 1.445 0.895
51430 10.449 7.285 1.468 0.911
51430 10.508 7.166 1.508 0.921
51430 10.529 7.343 1.567 0.906
51430 9.699 6.781 1.354 0.845
56573 9.534 6.720 1.208 0.861
56573 10.233 7.077 1.307 0.888
56573 10.009 7.238 1.385 0.875
56573 9.404 6.877 1.288 0.887
56573 9.829 6.999 1.349 0.907
56573 9.558 6.888 1.208 0.837
56573 9.594 7.106 1.380 0.888
56573 10.161 7.272 1.337 0.869
56573 9.439 6.812 1.225 0.862
56573 9.504 6.993 1.304 0.894
56573 10.015 7.409 1.359 0.849
62230 9.112 6.717 1.193 0.845
62230 9.542 6.738 1.201 0.852
62230 9.295 6.766 1.218 0.856
62230 9.553 6.874 1.240 0.887
62230 9.803 7.196 1.263 0.876
62230 9.517 6.977 1.291 0.881
62230 9.395 7.087 1.258 0.870
62230 9.822 7.102 1.293 0.864
62230 9.347 6.781 1.190 0.845
62230 9.361 6.799 1.202 0.853
62230 9.719 6.964 1.234 0.878
68454 9.315 6.930 1.209 0.854
68454 9.296 6.829 1.216 0.857
68454 9.521 6.839 1.204 0.869
68454 9.652 6.963 1.235 0.847
68454 9.211 6.833 1.225 0.877
68454 9.601 6.871 1.207 0.873
68454 9.611 6.990 1.221 0.867
68454 9.422 6.755 1.197 0.846
68454 9.502 6.894 1.208 0.846
68454 9.363 6.642 1.161 0.832
68454 9.158 6.576 1.156 0.829
75299 9.340 6.632 1.164 0.836
75299 9.125 6.705 1.158 0.843
75299 9.128 6.729 1.159 0.831
75299 9.125 6.707 1.177 0.840
75299 8.986 6.696 1.167 0.834
75299 9.076 6.792 1.170 0.838
75299 9.372 6.698 1.169 0.846
75299 9.251 6.710 1.171 0.846
75299 9.253 6.692 1.185 0.859
75299 9.303 6.801 1.202 0.850
75299 9.412 6.938 1.194 0.862
82829 9.487 6.864 1.202 0.865
82829 9.327 6.854 1.178 0.851
82829 9.343 6.913 1.202 0.866
82829 9.385 6.881 1.198 0.852
82829 9.120 6.834 1.180 0.834
82829 9.291 6.768 1.198 0.861
82829 9.151 6.738 1.196 0.859
82829 9.379 6.951 1.172 0.861
82829 9.364 6.932 1.194 0.857
82829 9.028 6.838 1.186 0.852
82829 9.369 6.789 1.166 0.859
91112 9.341 6.918 1.188 0.844
91112 9.200 6.750 1.174 0.836
91112 9.162 6.820 1.174 0.846
91112 9.411 6.806 1.180 0.857
91112 9.435 6.839 1.165 0.843
91112 8.993 6.699 1.182 0.852
91112 9.219 6.660 1.174 0.859
91112 9.635 6.965 1.192 0.856
91112 9.416 6.909 1.180 0.844
91112 9.157 6.764 1.175 0.850
91112 9.411 6.837 1.175 0.845
100223 9.175 6.691 1.176 0.848
100223 9.252 6.800 1.177 0.845
100223 9.087 6.684 1.170 0.838
100223 8.999 6.640 1.172 0.840
100223 9.255 6.787 1.165 0.837
100223 9.270 6.733 1.149 0.842
100223 9.247 6.765 1.175 0.860
100223 9.338 6.860 1.187 0.845
100223 9.303 6.696 1.165 0.841
100223 9.382 6.725 1.167 0.848
100223 9.481 6.933 1.129 0.845
110245 9.402 6.840 1.174 0.844
110245 9.346 6.717 1.180 0.857
110245 9.349 6.833 1.184 0.852
110245 9.376 6.871 1.185 0.856
110245 9.092 6.604 1.175 0.842
110245 9.208 6.801 1.160 0.841
110245 9.207 6.745 1.161 0.838
110245 9.222 6.695 1.161 0.831
110245 9.113 6.647 1.150 0.830
110245 9.138 6.665 1.161 0.843
110245 8.649 6.484 1.088 0.809
121270 9.162 6.702 1.162 0.846
121270 9.331 6.773 1.174 0.844
121270 9.192 6.826 1.168 0.847
121270 9.010 6.756 1.169 0.843
121270 9.149 6.843 1.165 0.853
121270 9.451 6.737 1.171 0.844
121270 9.258 6.680 1.159 0.839
121270 9.201 6.731 1.161 0.834
121270 9.074 6.717 1.157 0.845
121270 9.202 6.766 1.170 0.845
121270 9.246 6.759 1.169 0.846
133397 9.187 6.755 1.167 0.855
133397 9.312 6.862 1.186 0.851
133397 9.398 6.848 1.172 0.849
133397 8.999 6.707 1.138 0.848
133397 9.214 6.782 1.182 0.848
133397 9.418 6.837 1.178 0.848
133397 9.409 6.825 1.179 0.867
133397 9.347 6.876 1.198 0.865
133397 9.191 6.901 1.181 0.860
133397 9.495 6.904 1.196 0.858
133397 9.335 7.001 1.200 0.858
146736 9.252 6.829 1.172 0.847
146736 9.142 6.717 1.172 0.848
146736 9.460 6.686 1.167 0.849
146736 9.140 6.725 1.186 0.849
146736 9.143 6.770 1.172 0.854
146736 9.073 6.814 1.173 0.848
146736 9.438 6.752 1.177 0.852
146736 9.199 6.746 1.171 0.854
146736 9.481 6.938 1.174 0.846
146736 9.195 6.816 1.170 0.845
146736 9.331 6.816 1.177 0.846
161410 9.226 6.754 1.182 0.850
161410 9.244 6.925 1.177 0.860
161410 9.098 6.781 1.187 0.860
161410 9.250 6.776 1.182 0.858
161410 9.295 6.832 1.171 0.849
161410 9.473 6.705 1.162 0.843
161410 9.103 6.734 1.163 0.850
161410 9.126 5.866 1.159 0.842
161410 9.212 6.725 1.161 0.847
161410 9.199 6.799 1.184 0.851
161410 9.454 6.802 1.170 0.853
177551 9.319 6.720 1.177 0.858
177551 9.336 6.960 1.192 0.852
177551 9.246 6.812 1.182 0.849
177551 9.241 6.816 1.170 0.867
177551 9.459 7.011 1.191 0.851
177551 9.462 6.856 1.175 0.852
177551 9.254 6.836 1.194 0.862
177551 9.444 6.899 1.176 0.848
177551 8.574 6.721 1.183 0.868
177551 9.539 6.938 1.181 0.857
177551 9.209 6.835 1.190 0.863
195306 9.320 6.756 1.176 0.849
195306 9.332 6.810 1.190 0.862
195306 9.406 6.954 1.203 0.850
195306 9.397 6.797 1.176 0.854
195306 9.451 6.889 1.181 0.851
195306 9.234 6.823 1.190 0.848
195306 9.269 6.711 1.177 0.862
195306 9.530 6.951 1.201 0.864
195306 9.174 7.024 1.185 0.857
195306 9.199 6.847 1.172 0.852
195306 9.475 6.786 1.169 0.864
214837 9.408 6.793 1.174 0.854
214837 8.135 6.451 1.173 0.855
214837 9.344 6.815 1.175 0.855
214837 9.470 6.941 1.178 0.864
214837 9.556 6.916 1.184 0.854
214837 9.254 6.983 1.185 0.858
214837 9.356 6.786 1.183 0.863
214837 9.418 6.932 1.192 0.838
214837 9.354 6.690 1.180 0.854
214837 9.184 6.884 1.192 0.849
214837 9.225 6.717 1.181 0.851
236320 9.111 6.809 1.181 0.851
236320 9.311 6.816 1.183 0.856
236320 9.247 6.837 1.183 0.864
236320 9.516 6.976 1.184 0.858
236320 9.370 6.818 1.183 0.856
236320 9.350 6.919 1.201 0.861
236320 9.299 6.777 1.175 0.854
236320 9.362 6.841 1.178 0.856
236320 9.366 6.786 1.179 0.854
236320 9.003 6.756 1.180 0.856
236320 9.336 6.768 1.189 0.853
259952 9.294 6.829 1.182 0.849
259952 9.467 6.887 1.191 0.855
259952 9.313 6.996 1.184 0.855
259952 9.241 6.814 1.186 0.857
259952 9.338 6.811 1.184 0.860
259952 9.561 7.012 1.187 0.843
259952 9.279 6.866 1.184 0.856
259952 9.367 6.866 1.185 0.864
259952 9.392 6.914 1.183 0.858
259952 9.522 6.803 1.182 0.861
259952 9.388 6.826 1.195 0.861
285947 9.220 6.910 1.190 0.864
285947 9.174 6.860 1.187 0.861
285947 9.542 6.974 1.199 0.863
285947 9.421 6.927 1.196 0.866
285947 9.424 6.896 1.191 0.857
285947 9.359 6.871 1.184 0.860
285947 9.328 6.858 1.187 0.857
285947 9.575 6.961 1.198 0.859
285947 9.371 6.827 1.178 0.855
285947 9.357 6.787 1.185 0.863
285947 9.375 6.763 1.187 0.857
314542 9.226 6.868 1.197 0.876
314542 9.578 6.954 1.198 0.861
314542 9.330 6.841 1.186 0.855
314542 9.340 6.867 1.185 0.852
314542 9.368 6.820 1.181 0.855
314542 9.291 6.803 1.188 0.858
314542 9.234 6.807 1.180 0.857
314542 9.374 6.821 1.185 0.855
314542 9.417 6.846 1.185 0.855
314542 9.281 6.792 1.195 0.870
314542 9.496 6.929 1.185 0.837
345996 9.379 6.896 1.185 0.858
345996 9.359 6.843 1.185 0.861
345996 9.407 6.889 1.206 0.864
345996 9.496 6.880 1.204 0.865
345996 9.341 6.913 1.182 0.852
345996 9.435 6.834 1.183 0.854
345996 9.287 6.758 1.178 0.851
345996 9.213 6.770 1.178 0.851
345996 9.284 6.755 1.180 0.851
345996 9.339 6.761 1.180 0.851
345996 9.375 6.814 1.176 0.850
380596 9.227 6.760 1.180 0.849
380596 9.258 6.825 1.179 0.852
380596 9.472 6.781 1.174 0.847
380596 9.025 6.734 1.171 0.852
380596 9.324 6.802 1.179 0.850
380596 9.263 6.779 1.171 0.845
380596 9.270 6.736 1.177 0.847
380596 9.361 6.789 1.181 0.848
380596 9.399 6.817 1.174 0.855
380596 9.388 6.840 1.182 0.852
380596 9.294 6.873 1.183 0.852
418656 9.363 6.655 1.198 0.860
418656 9.466 6.861 1.194 0.866
418656 9.558 5.993 1.188 0.863
418656 9.320 6.853 1.193 0.865
418656 9.356 6.878 1.188 0.855
418656 9.607 7.039 1.198 0.842
418656 9.373 6.943 1.182 0.866
418656 9.682 6.950 1.200 0.873
418656 9.370 6.852 1.199 0.860
418656 9.384 6.885 1.195 0.853
418656 9.456 6.816 1.184 0.854
460521 9.438 7.039 1.188 0.871
460521 9.527 6.958 1.214 0.879
460521 9.695 7.063 1.223 0.876
460521 9.608 6.919 1.204 0.877
460521 9.605 6.967 1.217 0.873
460521 9.296 6.837 1.212 0.865
460521 9.111 6.860 1.214 0.881
460521 9.633 7.068 1.223 0.882
460521 9.715 6.998 1.215 0.877
460521 9.463 6.990 1.188 0.874
460521 9.423 7.019 1.188 0.859
506573 9.432 6.957 1.192 0.873
506573 9.455 6.906 1.200 0.867
506573 9.430 6.796 1.191 0.863
506573 9.478 6.987 1.191 0.862
506573 9.408 6.840 1.204 0.863
506573 9.382 6.805 1.194 0.862
506573 9.505 6.897 1.200 0.867
506573 9.728 7.072 1.198 0.868
506573 9.395 6.938 1.191 0.863
506573 9.379 6.824 1.185 0.849
506573 9.583 7.038 1.196 0.866
557231 9.333 7.051 1.199 0.876
557231 9.566 6.842 1.207 0.879
557231 9.268 6.849 1.207 0.871
557231 9.561 6.883 1.211 0.879
557231 9.662 7.107 1.209 0.877
557231 9.755 7.124 1.226 0.882
557231 9.773 7.108 1.213 0.876
557231 9.470 6.908 1.216 0.879
557231 9.690 6.978 1.228 0.878
557231 9.736 7.104 1.231 0.891
557231 9.640 7.068 1.207 0.877
612954 9.334 6.881 1.205 0.862
612954 9.768 6.962 1.199 0.867
612954 9.558 6.988 1.200 0.859
612954 9.535 7.057 1.197 0.875
612954 9.675 6.862 1.200 0.870
612954 9.498 6.887 1.204 0.865
612954 9.691 7.026 1.210 0.867
612954 9.544 6.901 1.209 0.865
612954 9.489 6.990 1.199 0.873
612954 9.760 7.056 1.212 0.867
612954 9.635 6.934 1.209 0.872
674249 9.341 6.992 1.201 0.879
674249 9.608 7.024 1.218 0.882
674249 9.675 7.075 1.210 0.875
674249 9.689 6.941 1.211 0.871
674249 9.653 6.987 1.207 0.869
674249 9.427 7.010 1.203 0.870
674249 9.566 7.064 1.195 0.863
674249 9.159 6.826 1.208 0.863
674249 9.495 6.849 1.073 0.864
674249 9.415 6.917 1.206 0.878
674249 9.394 7.012 1.198 0.861
741674 9.613 6.921 1.195 0.867
741674 9.474 6.887 1.190 0.861
741674 9.470 6.840 1.200 0.844
741674 9.576 6.885 1.204 0.865
741674 9.529 7.052 1.208 0.880
741674 9.535 6.921 1.210 0.877
741674 9.456 7.035 1.213 0.875
741674 9.722 6.859 1.200 0.873
741674 9.687 6.983 1.209 0.870
741674 9.535 7.040 1.195 0.876
741674 9.678 7.054 1.198 0.864
815842 9.284 6.875 1.205 0.867
815842 9.706 7.094 1.225 0.879
815842 9.780 7.052 1.225 0.883
815842 9.611 7.089 1.225 0.875
815842 9.684 7.085 1.203 0.869
815842 9.449 6.762 1.199 0.874
815842 9.624 6.860 1.202 0.880
815842 9.651 6.881 1.212 0.883
815842 9.489 6.936 1.228 0.885
815842 9.720 7.021 1.228 0.886
815842 9.674 6.983 1.226 0.872
897426 9.474 7.016 1.230 0.883
897426 9.565 6.977 1.211 0.876
897426 9.642 7.069 1.213 0.859
897426 9.492 7.060 1.210 0.874
897426 9.660 7.073 1.216 0.876
897426 9.709 7.079 1.219 0.887
897426 9.695 7.057 1.222 0.885
897426 9.689 7.037 1.221 0.884
897426 9.679 7.118 1.220 0.882
897426 9.739 7.103 1.228 0.865
897426 9.478 6.808 1.196 0.871
987168 9.584 7.092 1.221 0.863
987168 9.495 6.872 1.195 0.860
987168 9.470 6.872 1.191 0.856
987168 9.376 6.857 1.188 0.858
987168 9.468 6.868 1.194 0.858
987168 9.295 6.866 1.219 0.883
987168 9.634 7.071 1.217 0.880
987168 9.762 7.102 1.230 0.880
987168 9.630 7.033 1.218 0.877
987168 9.671 7.073 1.218 0.880
987168 9.668 7.057 1.210 0.874
